0
0
0
0
0
-1
0
0
-1
0
0
0
0
0
0
5
0
0
-2
0
0
0
0
0
0
0
0
0
0
1
0
-1
4
-3
0
0
0
-1
-2
0
1
0
0
8
-3
-2
-2
0
1
0
-7
0
-4
0
0
-1
0
0
-2
1
7
5
1
2
-1
-1
-2
-5
-10
0
0
1
3
-4
0
-2
0
0
-2
0
-1
-7
1
-3
0
4
0
1
0
0
3
0
1
-3
5
0
1
0
-4
0
-1
2
0
1
0
2
-2
5
0
1
0
-2
1
-4
-7
0
2
0
-25
5
0
-4
0
-11
0
12
4
0
0
-39
8
0
0
-1
-5
0
9
-14
2
7
2
13
1
17
0
0
0
-14
0
-11
0
-24
4
0
3
-25
-6
0
-1
-1
3
0
0
11
2
3
2
0
22
0
2
0
-13
0
-40
-17
2
-2
13
-1
-10
1
0
-19
-3
3
2
0
1
3
33
1
0
0
-15
-3
0
-33
0
0
-1
4
2
-13
22
-1
10
0
5
0
0
2
0
1
12
0
2
0
0
-1
8
-1
0
13
-7
-6
-2
-11
-2
18
0
0
-6
3
0
-8
-10
11
5
-8
29
13
-4
0
-4
11
3
-22
-1
0
0
-3
-3
8
-46
15
5
25
3
0
-15
12
-3
1
0
-6
-18
-46
-8
0
-19
0
-16
0
7
-11
14
4
0
-7
-6
8
-6
-7
-23
0
1
-5
-2
0
3
2
-11
1
6
-14
14
-22
-9
1
19
2
-8
-47
-7
-23
8
4
38
0
-1
0
-57
-1
-10
49
-1
-2
0
-6
14
-1
12
1
0
0
21
-39
0
17
0
-18
45
29
2
0
10
1
0
154
-4
15
-1
0
-6
0
26
19
-4
-2
-34
7
0
-31
-3
2
-17
12
3
58
6
0
-52
1
-7
-1
2
2
26
6
-4
6
-4
0
-23
-8
18
-10
0
3
-18
7
-5
-52
31
-6
13
-9
1
2
7
-2
8
-21
-9
16
-64
-6
1
-44
-46
11
50
0
121
-14
9
70
-22
-1
-16
52
46
-11
0
16
4
0
-18
-1
0
-18
-3
3
13
-29
8
0
0
1
-25
0
8
-6
-1
-8
51
12
-8
1
-38
-4
-106
-1
0
-14
1
11
-1
-62
0
-10
0
-12
2
-2
0
16
-8
10
0
-18
0
24
93
0
-10
0
-9
0
-6
79
-78
3
-2
0
-19
-105
19
-35
-9
5
-1
-57
0
-9
0
7
46
15
15
-4
0
2
0
6
4
0
-13
0
33
24
-5
-114
-14
-18
10
0
3
0
26
-23
1
7
0
5
-34
-29
-17
-4
-31
19
-47
0
33
-2
35
0
-7
1
-119
39
17
1
-2
2
47
8
0
3
0
7
-56
-47
0
3
10
-6
3
-42
0
20
-59
12
0
18
49
0
33
13
12
-75
16
5
-14
9
9
14
15
2
22
-87
-20
-15
1
46
-52
-21
1
-3
-37
0
-19
29
0
4
-51
-5
135
15
4
0
-3
0
11
-2
9
-2
0
30
0
8
-81
0
12
-74
-10
-2
0
56
-15
4
1
7
43
-13
-14
0
0
4
-5
-15
65
-5
-6
92
6
3
0
4
32
-11
6
-19
-199
-2
0
-135
40
0
-18
-1
0
24
0
-13
3
0
-36
8
-151
-24
-11
0
61
-7
47
-91
-1
-34
-36
13
26
0
-3
0
-40
-3
74
0
8
0
-4
9
-96
-51
206
43
-76
28
-8
0
2
-47
-10
-4
15
0
42
-32
0
0
4
-66
-28
0
45
151
-65
110
0
6
-4
11
-58
36
0
0
11
-8
-10
1
124
4
-25
-28
24
-2
-48
189
19
-26
0
-67
-3
11
2
51
-6
-30
-5
-5
0
-2
63
-36
0
-6
-43
-9
-28
0
7
-3
29
-2
-48
4
0
-32
41
3
9
-90
5
7
0
-5
7
-103
4
13
28
2
0
-4
-49
6
14
145
-40
4
14
-62
19
4
-52
29
-3
1
-88
52
0
0
-8
-3
-1
-24
135
30
6
16
-19
1
-7
1
-5
-1
0
-16
1
-148
-59
-39
21
-4
8
8
0
-2
58
-39
-18
6
-4
28
-90
10
-19
-9
-3
40
-174
6
14
-98
0
5
89
92
0
-5
-159
-47
-37
-31
12
-12
-2
0
109
8
7
8
23
0
29
39
-12
2
22
18
-211
-13
2
-195
-7
-5
181
-9
1
-3
-19
72
2
-1
4
-37
-39
-160
106
-31
-4
8
-9
-2
1
-39
2
-14
33
15
25
-2
13
21
-96
-9
13
-2
80
0
10
0
3
-3
-34
-35
40
0
-42
-67
32
58
0
-15
0
-8
-84
27
-48
6
9
0
-90
-147
-79
-110
-12
-1
57
2
-7
30
-30
9
-56
12
-61
-4
1
1
2
-5
-5
1
15
0
32
26
-90
-11
64
16
47
10
-250
213
-29
5
0
-8
-58
90
0
14
2
-54
26
13
70
0
-4
13
135
0
50
13
34
18
32
5
-52
0
7
26
9
-35
22
34
-5
0
-108
83
-1
-33
62
1
65
-22
3
-1
13
5
-19
0
29
23
-162
7
-6
142
0
30
8
0
0
3
-21
2
-2
0
-130
-23
0
-4
-11
-5
-58
-2
-33
-1
-26
-82
28
4
-3
-58
88
-70
0
-36
0
-11
-16
50
-2
-10
-40
-1
17
-17
48
7
0
0
-17
19
23
12
47
-3
217
-210
19
63
88
-1
-5
-4
0
217
22
45
0
63
-4
31
0
-12
1
9
145
6
-12
0
-275
-98
-54
79
-34
-4
1
-31
-47
-25
-11
-33
-14
-2
101
-43
-42
0
36
-1
84
-2
69
-32
10
44
-5
0
0
1
110
129
187
-70
20
335
3
5
158
-7
0
-3
-214
-34
35
3
8
-4
271
-2
120
-52
-32
-11
-77
0
29
-1
6
-53
108
10
-21
4
-5
0
24
1
-117
-12
-13
-77
-182
-1
149
26
23
-65
58
-9
-40
-9
17
13
2
174
35
-6
22
32
199
6
3
19
239
4
11
-2
19
7
20
75
-39
138
-34
-103
-8
7
-31
9
0
161
53
11
9
-48
-20
25
-2
-5
-60
-116
-1
68
0
5
0
33
0
-33
125
-24
-37
29
0
-43
132
-28
-26
230
0
-9
-1
-5
-184
-114
326
-118
22
0
-8
-11
2
36
3
48
-115
120
23
-100
-10
0
-72
-28
-3
-29
63
13
-226
71
13
1
9
-4
-8
-12
-10
302
31
-18
-10
-8
83
15
-397
33
16
10
-5
155
17
6
-7
-2
18
0
-1
28
58
119
-89
7
-45
-19
-91
-470
-72
-88
0
-8
3
0
24
4
-17
-14
-10
34
11
-28
168
-136
71
35
-6
33
53
70
-39
-12
-12
14
51
8
-546
91
-67
15
-1
15
111
189
10
43
33
20
-5
-131
-53
-68
-94
-89
-20
0
0
112
46
-34
108
0
-78
52
0
-81
-67
-68
-94
-25
0
-139
-9
-8
-12
-22
-77
0
-52
2
0
-4
-332
-245
-37
0
18
20
62
35
-1
-657
-128
12
13
0
1
-171
6
12
-1
18
16
9
-69
-27
74
0
126
-46
7
-3
22
6
-8
100
-141
20
152
29
95
42
-23
5
19
240
12
13
153
-3
0
-32
15
163
-32
-2
0
2
-28
-98
-49
-315
-47
-45
-18
0
17
-30
43
-44
1
-37
19
-57
-122
-144
1
-1
0
209
-5
2
0
34
11
-4
7
261
3
-132
-81
-4
8
-8
-4
-3
54
206
62
33
5
1
-122
170
109
98
109
-3
-33
-1
-7
-44
-64
-6
-65
-65
65
-7
-386
-16
48
72
9
-3
11
-3
14
-40
-101
-34
246
0
-139
-78
59
49
-45
1
59
-111
196
-2
-1
348
-29
7
5
-188
-50
0
-54
-35
146
-192
196
-1
-122
0
-37
-143
-6
285
14
30
66
-1
0
84
-13
-377
149
0
45
-13
8
43
21
299
9
-276
-172
9
15
103
204
43
242
0
-29
16
-9
7
0
-33
-4
-539
13
-68
-4
-48
5
-9
45
24
-258
-202
0
1
-88
-2
48
65
194
-1
-25
0
-26
0
-3
-44
11
-4
140
-181
-48
-91
-2
-28
708
0
-37
-82
-32
-4
-33
13
1
9
-25
-3
-193
-22
4
18
101
4
-130
39
55
28
48
5
-4
1
1
96
-19
-14
-32
71
-109
-4
67
0
-13
23
-2
0
-127
3
113
6
0
-123
-5
-311
-26
23
0
-8
-221
-131
-1
9
4
-24
2
2
-58
16
-172
118
-3
0
0
0
0
0
0
0
-1
0
0
-3
4
0
0
0
0
-1
0
0
0
0
-3
0
0
0
0
1
0
0
0
-4
3
-1
-5
4
3
3
4
5
6
2
1
0
0
-13
0
0
0
0
0
2
0
0
-3
0
0
0
8
1
0
2
0
-3
19
-3
-11
0
1
0
0
-7
0
1
0
8
-1
3
5
-9
-1
7
-5
0
1
0
0
-1
-20
0
0
-1
-2
0
0
-7
6
-10
-10
0
-32
0
0
0
0
5
-6
3
0
-5
0
-7
-1
0
-2
0
16
0
0
3
-3
0
0
0
0
0
-6
0
4
1
1
3
0
2
7
0
1
1
-9
1
-6
-5
14
9
0
0
1
-10
-8
1
-2
11
0
-6
6
-2
1
0
12
0
3
10
18
0
-1
1
35
0
0
0
-4
21
1
-5
0
3
-1
0
0
-28
-1
0
-66
1
0
-4
0
0
0
-18
0
2
8
26
4
11
0
0
-7
3
-1
-2
1
4
-6
34
-12
-18
1
-1
0
-1
3
-6
-35
0
-11
0
0
-3
0
-7
-1
2
0
2
15
-63
-28
-4
-6
-2
6
-6
0
0
-14
11
15
15
0
0
-1
-3
4
2
0
-5
-27
0
1
-15
-1
0
0
31
0
0
4
-3
-7
-5
0
-3
0
0
7
33
3
5
0
-9
1
-42
3
0
1
10
1
11
4
0
-8
-6
-9
-14
-6
7
-7
0
0
-5
0
10
-30
2
-17
7
-2
2
17
0
-1
4
-3
0
-39
-1
-4
-9
97
2
33
0
-7
0
4
4
-2
0
8
1
9
0
13
0
24
8
0
-64
2
17
6
-16
-7
-53
2
2
13
-29
53
12
0
0
12
7
46
1
-4
8
33
4
-37
-2
-6
1
1
-3
-186
-6
0
0
0
-8
-2
-3
-11
-1
-2
0
12
9
5
27
-113
0
1
-7
2
0
1
0
2
-37
-13
0
0
18
29
19
-3
1
-11
33
4
-33
-2
1
-31
-94
-14
16
12
0
0
-1
-1
-16
1
-4
0
-8
14
0
2
0
0
-12
16
0
-11
5
0
0
2
-18
0
3
-4
-18
1
0
-29
21
11
4
-30
0
15
0
7
0
7
50
-80
-3
-3
18
-5
-58
1
1
0
0
0
0
0
0
0
0
0
3
0
0
0
0
-2
-2
0
0
0
-1
1
1
0
0
0
0
1
0
0
1
0
0
-3
0
-2
0
1
0
0
0
-3
0
3
-1
2
0
0
0
0
0
0
3
-4
-1
-1
2
-2
0
0
0
0
0
3
0
-5
0
-1
0
-1
1
3
0
0
0
1
1
0
-21
2
0
0
-3
-3
-1
8
0
0
-4
0
7
-4
0
-5
0
1
4
0
-2
-5
0
-9
0
0
-10
8
0
-18
0
-2
-3
0
0
0
0
-3
-4
-1
11
0
-9
0
5
0
-3
0
0
0
-5
2
-2
0
9
-1
27
-1
5
0
-1
0
-3
0
0
0
-19
5
13
1
0
0
0
0
-6
0
0
0
0
-4
0
-6
-1
5
-6
1
-10
2
-1
-22
2
1
-1
0
-7
-8
4
-2
-6
0
-1
-11
2
-4
10
7
0
9
0
2
-5
8
-16
0
-2
-44
0
0
0
0
-15
21
0
0
-3
-15
-1
13
18
8
0
0
0
-15
-3
1
7
2
-5
-3
0
-8
0
-36
0
-1
0
2
-1
-1
-6
-24
-2
-12
-8
4
0
4
-2
-2
-8
2
-20
-3
-6
23
-2
-1
0
17
1
0
28
-4
-11
0
-2
29
0
4
-2
5
-3
1
0
2
-6
-10
-2
5
35
28
0
-1
-17
0
-2
0
1
-4
-1
0
-30
0
-20
1
-1
-5
0
28
0
-19
16
6
16
0
0
21
19
-19
1
0
-8
-65
11
-47
-6
-3
-19
-15
42
3
0
26
3
-14
2
3
4
10
6
-4
-7
-1
-7
-4
3
0
6
39
-27
18
2
-3
7
3
-5
0
2
7
3
-16
3
2
4
1
3
-5
16
1
-15
4
1
-5
-29
59
-4
0
-1
4
-1
102
-8
0
0
0
-7
-1
3
-20
-21
5
-2
1
35
49
-24
1
-3
0
-8
-45
7
-4
30
0
-1
0
7
0
-9
10
20
-4
-17
-20
-9
6
5
0
-8
-1
-3
-2
-2
8
-3
6
0
148
0
16
-6
0
5
22
57
0
10
5
1
0
134
-9
3
2
-1
6
204
5
7
63
-2
0
-1
2
-3
2
153
31
-5
-5
-7
0
-1
0
0
58
12
0
-7
66
27
97
12
10
-3
0
-1
0
2
2
0
55
56
10
1
-7
-25
5
-1
0
-10
-1
31
-22
0
0
-20
-3
-3
2
0
-12
-25
-11
-22
41
0
24
21
14
0
12
-14
2
-22
22
61
0
10
4
-9
-41
-4
21
-11
-37
-58
44
-10
51
0
0
0
-7
0
33
-2
-1
-1
-46
-2
0
-49
15
-4
-46
55
0
9
0
0
56
58
13
7
-2
-13
-44
0
102
0
-9
1
49
36
-11
21
0
8
-98
-8
4
-27
23
4
36
-9
-13
1
-3
0
0
-11
0
-38
-15
-47
-50
54
17
0
-10
72
42
-13
0
5
-15
0
5
-52
-8
-9
0
2
-30
11
0
8
-7
47
-8
-114
63
-41
0
-7
-6
-105
28
1
-14
-13
47
26
3
-5
0
-7
-42
-75
46
-9
-34
0
0
-26
-6
-24
8
-3
0
-27
28
10
33
11
-3
-5
0
-44
-8
181
19
5
12
0
-22
5
0
-11
23
42
2
10
8
-4
3
-8
15
88
9
5
0
7
0
3
-6
8
0
-4
-3
-10
-4
37
88
-136
0
-24
1
-28
-27
5
15
16
72
8
1
21
145
40
-38
15
2
10
3
1
-42
-138
-15
0
-37
-73
40
6
-1
-2
-4
0
-26
70
1
-16
13
-120
-197
-69
-3
26
8
0
0
9
8
25
-3
57
0
-74
11
-7
0
-2
52
16
-16
0
3
1
22
44
63
17
6
-1
-31
0
0
0
0
0
1
0
0
0
0
3
0
0
0
-2
-1
1
0
0
2
2
0
0
0
-9
-2
0
0
2
-2
0
3
1
0
0
-2
2
0
1
0
0
0
0
3
-4
3
16
2
0
7
7
0
0
-2
9
-1
0
2
-4
0
0
0
-2
-2
-2
1
3
0
0
0
1
4
0
0
2
0
1
0
-6
-11
21
-5
9
1
0
0
0
-1
2
12
0
-3
-2
0
9
6
-5
4
-1
0
0
0
0
-4
0
-13
-2
-11
-4
11
2
-2
-10
16
-4
-1
1
-1
6
0
3
0
0
-3
0
-5
0
2
-4
6
-15
-3
0
-1
-10
-1
3
-8
3
12
1
0
1
13
4
3
-15
4
1
0
-1
-1
0
-5
10
-26
-8
-3
-5
0
0
0
13
5
0
-2
37
0
-1
6
0
6
-7
-1
-9
0
-7
0
0
0
6
0
-1
-10
1
1
0
-2
-3
61
40
6
-18
1
-2
-6
1
-40
-7
0
1
0
-7
-1
-19
-1
-1
1
4
-1
24
-70
-1
-2
8
0
-9
0
-5
-62
-2
4
0
-5
4
17
-4
0
0
1
-5
-25
0
30
-7
25
-3
-3
0
15
-8
-10
44
4
34
0
-46
6
-3
2
0
-1
0
-2
21
-1
-4
3
-2
0
-5
-5
1
44
0
-4
1
1
10
-2
1
0
6
-11
4
2
14
1
0
-39
6
3
17
-3
0
0
5
3
-15
-1
-21
2
1
0
9
0
0
1
-23
12
-1
-2
0
0
99
9
-9
-10
1
0
-4
-2
38
2
-21
2
-1
-15
-4
9
2
13
17
-27
-63
-2
-16
-1
0
24
-4
0
2
0
17
6
9
11
0
-1
-23
4
0
-23
0
2
-33
-9
-6
1
5
9
0
2
13
-29
1
1
11
39
24
7
-48
2
-2
-33
14
0
74
7
1
2
0
1
0
-1
-27
-7
-195
1
-4
0
84
3
-30
10
0
-12
4
-40
1
-26
-3
8
0
12
25
-33
-76
5
38
0
-9
-110
3
112
0
0
-3
-12
-20
-73
-36
14
6
-41
8
-6
-5
-16
-2
0
0
3
1
3
0
-29
-9
1
-6
-23
-43
12
1
-6
4
7
1
-31
-35
0
2
79
-1
29
-65
-2
9
104
-44
10
2
19
34
-6
30
4
-24
20
4
0
-30
17
-43
-1
25
10
46
159
48
15
-5
4
1
134
12
0
-15
-8
-26
-6
-4
0
-1
-19
31
-142
65
65
1
1
16
22
0
8
-33
-71
-18
-41
7
0
4
0
9
0
-3
1
-16
-2
3
-15
-3
-31
-24
0
-23
-1
1
-55
1
-8
85
11
-30
4
113
0
-1
-4
40
0
52
54
-1
98
42
-32
75
-10
1
4
9
0
-17
-40
-43
98
-157
2
-19
7
1
56
4
-24
50
-9
-3
-1
-28
2
76
9
-24
-6
34
-7
0
29
15
-7
-126
-8
-5
-8
-146
-31
57
0
-11
-45
-6
9
0
0
-132
-4
7
2
-8
-22
-31
3
92
0
51
-6
-28
0
0
15
-5
9
-3
0
-7
-10
-28
-5
10
4
-9
14
-36
133
2
-6
-15
111
-50
-1
0
-9
22
18
47
29
30
2
-27
109
38
0
3
0
-28
0
-20
4
-11
0
37
-1
-108
-30
-11
11
8
-1
2
-14
0
1
16
-3
-1
-19
-11
-2
-55
-112
9
-165
-8
-4
18
-40
1
-91
4
-128
0
0
-32
-37
22
-11
6
8
0
48
0
1
-7
-55
-4
5
-12
61
9
-54
-7
1
-45
15
18
-1
-19
-47
10
100
-67
5
4
-40
67
22
12
9
0
-1
0
-62
-16
-56
-17
-21
7
21
0
8
2
-28
7
7
1
0
0
-38
12
-23
-3
-33
0
0
-14
-5
0
37
-83
-31
-4
-6
-10
35
-1
3
1
1
1
-7
-60
18
11
-15
29
-27
-23
-141
0
-5
0
65
9
43
-5
37
0
7
-30
-9
0
-7
1
-18
0
-6
31
0
6
-2
-3
8
7
0
-2
-14
0
-9
-50
6
10
42
-39
-55
6
-4
0
-123
0
4
-276
-3
-19
-2
-5
9
-6
-1
0
54
-65
9
0
15
0
18
3
-124
44
-109
165
59
-67
-2
-47
71
1
27
0
-6
93
0
-67
10
-39
0
-11
-52
8
1
0
-22
16
51
0
4
-16
-1
11
94
-1
-2
-6
-49
5
3
5
6
6
-169
-55
-99
0
-4
-187
-32
-12
12
4
0
21
-24
11
-50
39
-34
-9
9
15
56
-17
-18
-28
-13
-22
0
26
-223
34
-110
60
-16
-6
0
-50
-6
1
-24
-3
98
-63
8
-6
0
8
-98
-2
100
15
1
-11
-9
-143
61
0
-4
12
-23
-28
-42
6
-122
0
0
-2
261
-24
4
-41
8
27
39
3
2
2
-2
-16
2
43
-74
-1
0
-2
36
-11
8
442
0
11
-11
0
14
1
6
29
-37
186
2
39
-24
-1
0
3
-2
-83
63
16
1
-9
-8
245
12
0
12
-16
1
28
24
-22
119
104
74
5
1
0
-6
0
-76
119
14
13
-4
33
40
34
72
0
0
-10
30
51
-4
-148
0
7
32
-45
17
-6
-16
76
-45
0
6
46
-13
275
2
-2
6
-11
-71
-7
-1
-23
0
-13
-61
6
42
3
11
7
2
11
-5
-39
-100
96
24
-32
52
12
-20
-6
-18
169
16
5
-17
31
-14
-45
26
-44
-3
8
-17
0
10
-3
2
-50
-47
56
12
4
-8
2
20
-1
375
-91
25
3
0
6
3
-8
-3
270
0
-37
20
-7
-239
-18
79
-1
-57
-150
-6
-6
-36
74
0
0
101
64
-19
0
0
5
-5
1
13
20
0
-53
-58
-2
13
78
-13
-6
25
-18
-61
127
26
146
0
11
18
27
89
-12
6
-43
-57
-4
-45
170
-14
0
2
79
-26
37
-13
0
54
-22
1
-3
0
0
-10
-1
-29
1
-32
-11
-3
115
-24
-24
-3
-6
-165
135
23
2
2
24
-6
-5
-15
-112
-78
-23
-12
117
-46
0
3
1
-2
10
99
-80
3
25
2
0
14
0
-2
-81
-173
337
132
0
1
-3
0
-8
12
71
-4
-51
73
-62
0
-13
4
-59
26
5
-19
-32
0
28
27
112
147
-12
16
-19
169
30
19
-11
1
-149
53
465
-3
11
-13
-1
42
2
0
0
139
-224
110
-8
-50
-22
-90
-4
-132
-37
145
-2
56
0
2
3
-1
170
-82
1
2
27
0
56
54
-3
22
36
0
104
-9
6
-17
317
-77
-332
-10
-2
0
96
-19
318
17
57
6
35
78
-105
0
198
37
-67
1
-7
7
-12
32
-3
-2
-86
-5
51
-37
-138
-9
-6
-2
0
0
-40
-38
0
79
4
-3
1
187
11
3
8
0
23
-4
7
17
21
-23
-71
1
-150
-19
-27
-158
22
-13
216
4
-25
396
29
1
4
-20
-154
12
-40
-5
14
62
158
173
26
0
-7
123
-36
0
28
-62
-53
9
0
107
-15
391
9
20
56
-8
11
68
-25
123
103
-7
24
139
-30
13
-60
14
-8
-7
-9
-91
2
28
6
-94
-27
-5
-6
7
-4
-2
31
393
-133
-353
1
152
-1
0
-158
0
-22
-23
96
22
-9
-79
25
-13
-16
-1
7
20
-10
6
-12
-6
2
-8
8
0
3
-7
-2
176
-32
-102
-59
-23
-26
-323
-42
1
6
0
4
-54
-42
15
-3
-16
512
4
-119
-15
0
-15
34
38
-15
111
-4
169
37
77
25
17
0
-15
-16
-50
46
-28
-424
-3
-18
71
-4
-11
-4
-2
-71
-46
-155
56
25
-79
-6
5
-22
-4
33
81
13
4
-18
1
38
55
-32
-12
251
-28
681
12
155
33
-2
137
-45
1
-83
-2
-223
-6
-6
-49
-2
-11
-405
-73
-5
0
3
-11
-170
-15
-85
0
-6
0
58
-10
-28
19
31
-348
-5
-1
-92
-17
-3
-93
125
-5
-49
101
252
-5
-37
1
3
-73
9
-40
0
-2
-108
45
185
42
283
25
98
-26
38
104
121
-57
-34
11
-19
1
3
19
-98
0
-11
71
330
-116
-24
3
14
0
124
50
225
-10
4
-4
-208
82
-1
0
-56
-60
-41
6
-16
-33
-12
5
254
-33
-114
4
215
110
0
30
-80
-1
30
10
14
0
-11
10
-6
-244
95
3
7
-62
-167
-7
12
0
154
-290
60
4
1
56
61
0
2
31
-2
13
51
2
470
-78
-3
-18
0
234
-132
-13
47
0
-15
270
98
-23
-22
19
-14
12
-253
0
9
-2
-3
-167
-24
-30
-41
-291
3
76
0
23
-2
0
11
8
26
9
-86
50
-177
-8
-30
-2
-234
21
239
-4
24
-30
3
1
9
-89
-12
-3
-7
21
18
30
-101
98
-39
-64
-102
152
-7
-70
4
-35
-22
-7
-78
-393
51
7
19
254
23
2
0
-12
26
-20
1
-54
116
22
-1
-61
1
0
82
-3
210
97
-106
2
-349
20
-57
-28
105
103
8
-147
-64
-168
-13
0
-332
36
94
28
447
9
-6
22
-35
53
260
-5
-11
-12
28
-26
-4
-288
10
-2
19
21
-120
680
-88
35
3
72
-1
1
-376
75
60
5
26
-38
-22
37
89
103
5
-43
62
1
-7
102
7
24
64
-102
0
10
4
-70
-25
-145
-372
-89
-132
-1
-13
-345
7
-473
0
-166
-368
16
-2
328
288
-24
-25
3
24
4
5
-57
11
115
-24
-129
3
96
-27
106
0
-195
-74
-139
-88
372
-8
2
0
2
-429
14
-21
-75
6
105
136
-53
13
1
-65
139
-164
11
-21
-182
-27
17
-1
10
-134
-18
-82
-43
-100
-34
5
-101
5
6
13
41
32
-2
-1
27
-4
-16
2
-5
-17
5
31
-13
-17
-41
-17
-122
-155
17
-18
10
40
-21
-22
10
-9
-189
0
-12
-25
0
-1
0
33
-28
-61
-17
-67
-45
-99
22
0
-116
-10
-90
48
75
17
-11
-364
3
252
-217
2
219
-11
0
-58
-7
4
19
139
-100
12
18
65
-7
3
128
-3
-117
26
0
-107
-60
68
82
1
-98
-73
0
0
72
5
15
253
-18
52
-37
0
-201
-30
3
-14
77
-23
2
-217
55
-6
1
-119
-12
-6
10
-312
-29
6
45
-81
3
-70
6
-180
7
-20
17
-2
13
330
35
-3
-490
-48
-61
0
-1
4
14
16
48
-123
83
-239
-64
4
63
26
-11
-208
-53
-54
-7
-19
-30
0
-5
0
81
-175
160
234
3
123
241
-1
91
11
47
83
-5
-276
102
77
-9
-10
-10
-178
15
199
-104
0
89
5
-1
-10
-52
80
83
11
41
-17
2
395
41
-69
-237
135
-3
89
7
24
31
0
0
0
0
0
0
0
0
0
0
0
0
0
0
0
0
0
1
0
0
3
-1
0
0
0
0
2
0
1
0
4
0
-6
0
0
1
1
-1
0
-3
0
2
-1
0
0
0
-2
0
1
0
-1
0
-3
0
1
-1
0
0
-2
0
7
0
1
0
0
-11
0
0
0
0
0
-4
-6
-1
-3
-6
-4
-4
2
4
-1
0
1
0
-13
-6
7
-10
1
-1
6
-10
-13
-5
0
12
-6
4
4
0
-5
-3
0
0
3
-4
-8
0
0
-1
-11
-1
3
-6
-2
-1
-1
0
0
-1
5
0
-4
0
-17
1
-4
0
0
-1
1
-1
2
0
0
9
-1
2
-2
0
7
-1
-9
0
0
14
0
-1
1
-2
13
0
-6
0
70
-34
0
-2
1
6
6
-19
-16
0
1
0
9
-8
-3
25
2
0
-4
23
-4
0
6
0
4
4
0
-29
0
4
7
10
0
-12
0
-4
11
1
0
13
-9
0
8
15
7
0
1
-6
1
-40
0
1
7
1
-15
1
-65
-3
-1
-24
0
0
-9
-4
2
-1
19
-10
-4
-33
4
-3
-6
2
12
0
-40
-15
-9
12
-2
4
28
12
3
-100
5
0
-7
2
3
-4
8
-1
-11
-29
-4
0
14
0
-7
7
-7
38
-1
-68
0
-3
2
0
0
-4
-20
7
-2
0
-27
10
-8
-28
0
-6
-5
1
16
0
0
-9
0
-4
0
-15
0
6
-1
-6
-4
0
-14
11
10
0
6
-8
0
6
-1
-3
2
-4
-7
4
-3
3
5
-6
0
0
3
-10
0
-9
29
1
-1
-58
0
-7
-41
-5
0
-4
23
7
-12
-17
-10
80
-27
27
8
-5
35
5
-4
2
-1
-14
0
-76
21
0
2
38
6
-7
3
2
-2
31
0
-4
-42
95
-15
-20
-16
0
-54
5
1
0
1
9
8
-5
6
-2
0
1
-3
10
-5
-6
7
-6
-2
76
0
16
-20
-1
25
5
4
-16
2
-15
30
5
-3
14
95
-4
38
-7
19
-40
0
11
15
5
0
6
1
20
3
0
10
1
0
-6
0
-56
28
-13
-1
-4
-33
-8
3
32
21
-146
1
0
2
140
31
-10
-1
5
2
-27
5
17
0
-41
-34
2
0
-1
1
-1
-5
5
2
-6
-12
-6
0
-2
-3
0
6
-10
-3
-5
-5
2
-3
-7
-15
-4
13
-1
40
-44
-1
2
-33
12
-66
2
-8
-4
11
0
7
-11
15
18
-1
-4
1
3
4
0
17
36
95
2
-3
-4
0
-4
-10
-3
84
6
3
0
-5
-47
-13
51
0
0
0
17
-3
13
4
-6
-57
0
11
0
-2
16
110
33
17
21
0
-2
1
-4
8
0
0
-128
11
7
-2
5
-12
5
0
0
0
0
17
-7
-49
14
-9
15
-12
11
57
32
20
-26
-23
-17
15
3
0
-24
15
83
0
202
-2
-22
0
89
0
-2
-15
131
-39
0
0
14
-1
-3
-64
9
-1
0
-5
19
83
84
8
-4
-3
0
3
22
23
90
69
0
-48
4
-17
-2
-11
1
-27
0
-54
39
5
-4
8
3
0
25
-9
-6
-13
54
5
-44
-208
-26
-63
31
-6
-1
24
-10
2
48
-51
-42
25
-1
-101
-48
-1
-1
-5
1
7
24
28
3
49
8
-21
24
2
55
-39
-28
-2
4
0
-12
-16
51
11
118
40
-36
0
72
-1
-16
96
12
6
0
20
6
0
-85
-2
2
41
-38
-71
0
-35
39
-4
-200
22
111
0
5
2
-13
-5
1
4
-84
-45
-8
-8
65
-21
-11
-15
3
-20
-46
45
0
-3
3
-24
-72
