1000 3000 1 1000
1 2 1000000000
2 1000 1
2 2 1000000000
2 3 1000000000
3 1000 1
3 3 1000000000
3 4 1000000000
4 1000 1
4 4 1000000000
4 5 1000000000
5 1000 1
5 5 1000000000
5 6 1000000000
6 1000 1
6 6 1000000000
6 7 1000000000
7 1000 1
7 7 1000000000
7 8 1000000000
8 1000 1
8 8 1000000000
8 9 1000000000
9 1000 1
9 9 1000000000
9 10 1000000000
10 1000 1
10 10 1000000000
10 11 1000000000
11 1000 1
11 11 1000000000
11 12 1000000000
12 1000 1
12 12 1000000000
12 13 1000000000
13 1000 1
13 13 1000000000
13 14 1000000000
14 1000 1
14 14 1000000000
14 15 1000000000
15 1000 1
15 15 1000000000
15 16 1000000000
16 1000 1
16 16 1000000000
16 17 1000000000
17 1000 1
17 17 1000000000
17 18 1000000000
18 1000 1
18 18 1000000000
18 19 1000000000
19 1000 1
19 19 1000000000
19 20 1000000000
20 1000 1
20 20 1000000000
20 21 1000000000
21 1000 1
21 21 1000000000
21 22 1000000000
22 1000 1
22 22 1000000000
22 23 1000000000
23 1000 1
23 23 1000000000
23 24 1000000000
24 1000 1
24 24 1000000000
24 25 1000000000
25 1000 1
25 25 1000000000
25 26 1000000000
26 1000 1
26 26 1000000000
26 27 1000000000
27 1000 1
27 27 1000000000
27 28 1000000000
28 1000 1
28 28 1000000000
28 29 1000000000
29 1000 1
29 29 1000000000
29 30 1000000000
30 1000 1
30 30 1000000000
30 31 1000000000
31 1000 1
31 31 1000000000
31 32 1000000000
32 1000 1
32 32 1000000000
32 33 1000000000
33 1000 1
33 33 1000000000
33 34 1000000000
34 1000 1
34 34 1000000000
34 35 1000000000
35 1000 1
35 35 1000000000
35 36 1000000000
36 1000 1
36 36 1000000000
36 37 1000000000
37 1000 1
37 37 1000000000
37 38 1000000000
38 1000 1
38 38 1000000000
38 39 1000000000
39 1000 1
39 39 1000000000
39 40 1000000000
40 1000 1
40 40 1000000000
40 41 1000000000
41 1000 1
41 41 1000000000
41 42 1000000000
42 1000 1
42 42 1000000000
42 43 1000000000
43 1000 1
43 43 1000000000
43 44 1000000000
44 1000 1
44 44 1000000000
44 45 1000000000
45 1000 1
45 45 1000000000
45 46 1000000000
46 1000 1
46 46 1000000000
46 47 1000000000
47 1000 1
47 47 1000000000
47 48 1000000000
48 1000 1
48 48 1000000000
48 49 1000000000
49 1000 1
49 49 1000000000
49 50 1000000000
50 1000 1
50 50 1000000000
50 51 1000000000
51 1000 1
51 51 1000000000
51 52 1000000000
52 1000 1
52 52 1000000000
52 53 1000000000
53 1000 1
53 53 1000000000
53 54 1000000000
54 1000 1
54 54 1000000000
54 55 1000000000
55 1000 1
55 55 1000000000
55 56 1000000000
56 1000 1
56 56 1000000000
56 57 1000000000
57 1000 1
57 57 1000000000
57 58 1000000000
58 1000 1
58 58 1000000000
58 59 1000000000
59 1000 1
59 59 1000000000
59 60 1000000000
60 1000 1
60 60 1000000000
60 61 1000000000
61 1000 1
61 61 1000000000
61 62 1000000000
62 1000 1
62 62 1000000000
62 63 1000000000
63 1000 1
63 63 1000000000
63 64 1000000000
64 1000 1
64 64 1000000000
64 65 1000000000
65 1000 1
65 65 1000000000
65 66 1000000000
66 1000 1
66 66 1000000000
66 67 1000000000
67 1000 1
67 67 1000000000
67 68 1000000000
68 1000 1
68 68 1000000000
68 69 1000000000
69 1000 1
69 69 1000000000
69 70 1000000000
70 1000 1
70 70 1000000000
70 71 1000000000
71 1000 1
71 71 1000000000
71 72 1000000000
72 1000 1
72 72 1000000000
72 73 1000000000
73 1000 1
73 73 1000000000
73 74 1000000000
74 1000 1
74 74 1000000000
74 75 1000000000
75 1000 1
75 75 1000000000
75 76 1000000000
76 1000 1
76 76 1000000000
76 77 1000000000
77 1000 1
77 77 1000000000
77 78 1000000000
78 1000 1
78 78 1000000000
78 79 1000000000
79 1000 1
79 79 1000000000
79 80 1000000000
80 1000 1
80 80 1000000000
80 81 1000000000
81 1000 1
81 81 1000000000
81 82 1000000000
82 1000 1
82 82 1000000000
82 83 1000000000
83 1000 1
83 83 1000000000
83 84 1000000000
84 1000 1
84 84 1000000000
84 85 1000000000
85 1000 1
85 85 1000000000
85 86 1000000000
86 1000 1
86 86 1000000000
86 87 1000000000
87 1000 1
87 87 1000000000
87 88 1000000000
88 1000 1
88 88 1000000000
88 89 1000000000
89 1000 1
89 89 1000000000
89 90 1000000000
90 1000 1
90 90 1000000000
90 91 1000000000
91 1000 1
91 91 1000000000
91 92 1000000000
92 1000 1
92 92 1000000000
92 93 1000000000
93 1000 1
93 93 1000000000
93 94 1000000000
94 1000 1
94 94 1000000000
94 95 1000000000
95 1000 1
95 95 1000000000
95 96 1000000000
96 1000 1
96 96 1000000000
96 97 1000000000
97 1000 1
97 97 1000000000
97 98 1000000000
98 1000 1
98 98 1000000000
98 99 1000000000
99 1000 1
99 99 1000000000
99 100 1000000000
100 1000 1
100 100 1000000000
100 101 1000000000
101 1000 1
101 101 1000000000
101 102 1000000000
102 1000 1
102 102 1000000000
102 103 1000000000
103 1000 1
103 103 1000000000
103 104 1000000000
104 1000 1
104 104 1000000000
104 105 1000000000
105 1000 1
105 105 1000000000
105 106 1000000000
106 1000 1
106 106 1000000000
106 107 1000000000
107 1000 1
107 107 1000000000
107 108 1000000000
108 1000 1
108 108 1000000000
108 109 1000000000
109 1000 1
109 109 1000000000
109 110 1000000000
110 1000 1
110 110 1000000000
110 111 1000000000
111 1000 1
111 111 1000000000
111 112 1000000000
112 1000 1
112 112 1000000000
112 113 1000000000
113 1000 1
113 113 1000000000
113 114 1000000000
114 1000 1
114 114 1000000000
114 115 1000000000
115 1000 1
115 115 1000000000
115 116 1000000000
116 1000 1
116 116 1000000000
116 117 1000000000
117 1000 1
117 117 1000000000
117 118 1000000000
118 1000 1
118 118 1000000000
118 119 1000000000
119 1000 1
119 119 1000000000
119 120 1000000000
120 1000 1
120 120 1000000000
120 121 1000000000
121 1000 1
121 121 1000000000
121 122 1000000000
122 1000 1
122 122 1000000000
122 123 1000000000
123 1000 1
123 123 1000000000
123 124 1000000000
124 1000 1
124 124 1000000000
124 125 1000000000
125 1000 1
125 125 1000000000
125 126 1000000000
126 1000 1
126 126 1000000000
126 127 1000000000
127 1000 1
127 127 1000000000
127 128 1000000000
128 1000 1
128 128 1000000000
128 129 1000000000
129 1000 1
129 129 1000000000
129 130 1000000000
130 1000 1
130 130 1000000000
130 131 1000000000
131 1000 1
131 131 1000000000
131 132 1000000000
132 1000 1
132 132 1000000000
132 133 1000000000
133 1000 1
133 133 1000000000
133 134 1000000000
134 1000 1
134 134 1000000000
134 135 1000000000
135 1000 1
135 135 1000000000
135 136 1000000000
136 1000 1
136 136 1000000000
136 137 1000000000
137 1000 1
137 137 1000000000
137 138 1000000000
138 1000 1
138 138 1000000000
138 139 1000000000
139 1000 1
139 139 1000000000
139 140 1000000000
140 1000 1
140 140 1000000000
140 141 1000000000
141 1000 1
141 141 1000000000
141 142 1000000000
142 1000 1
142 142 1000000000
142 143 1000000000
143 1000 1
143 143 1000000000
143 144 1000000000
144 1000 1
144 144 1000000000
144 145 1000000000
145 1000 1
145 145 1000000000
145 146 1000000000
146 1000 1
146 146 1000000000
146 147 1000000000
147 1000 1
147 147 1000000000
147 148 1000000000
148 1000 1
148 148 1000000000
148 149 1000000000
149 1000 1
149 149 1000000000
149 150 1000000000
150 1000 1
150 150 1000000000
150 151 1000000000
151 1000 1
151 151 1000000000
151 152 1000000000
152 1000 1
152 152 1000000000
152 153 1000000000
153 1000 1
153 153 1000000000
153 154 1000000000
154 1000 1
154 154 1000000000
154 155 1000000000
155 1000 1
155 155 1000000000
155 156 1000000000
156 1000 1
156 156 1000000000
156 157 1000000000
157 1000 1
157 157 1000000000
157 158 1000000000
158 1000 1
158 158 1000000000
158 159 1000000000
159 1000 1
159 159 1000000000
159 160 1000000000
160 1000 1
160 160 1000000000
160 161 1000000000
161 1000 1
161 161 1000000000
161 162 1000000000
162 1000 1
162 162 1000000000
162 163 1000000000
163 1000 1
163 163 1000000000
163 164 1000000000
164 1000 1
164 164 1000000000
164 165 1000000000
165 1000 1
165 165 1000000000
165 166 1000000000
166 1000 1
166 166 1000000000
166 167 1000000000
167 1000 1
167 167 1000000000
167 168 1000000000
168 1000 1
168 168 1000000000
168 169 1000000000
169 1000 1
169 169 1000000000
169 170 1000000000
170 1000 1
170 170 1000000000
170 171 1000000000
171 1000 1
171 171 1000000000
171 172 1000000000
172 1000 1
172 172 1000000000
172 173 1000000000
173 1000 1
173 173 1000000000
173 174 1000000000
174 1000 1
174 174 1000000000
174 175 1000000000
175 1000 1
175 175 1000000000
175 176 1000000000
176 1000 1
176 176 1000000000
176 177 1000000000
177 1000 1
177 177 1000000000
177 178 1000000000
178 1000 1
178 178 1000000000
178 179 1000000000
179 1000 1
179 179 1000000000
179 180 1000000000
180 1000 1
180 180 1000000000
180 181 1000000000
181 1000 1
181 181 1000000000
181 182 1000000000
182 1000 1
182 182 1000000000
182 183 1000000000
183 1000 1
183 183 1000000000
183 184 1000000000
184 1000 1
184 184 1000000000
184 185 1000000000
185 1000 1
185 185 1000000000
185 186 1000000000
186 1000 1
186 186 1000000000
186 187 1000000000
187 1000 1
187 187 1000000000
187 188 1000000000
188 1000 1
188 188 1000000000
188 189 1000000000
189 1000 1
189 189 1000000000
189 190 1000000000
190 1000 1
190 190 1000000000
190 191 1000000000
191 1000 1
191 191 1000000000
191 192 1000000000
192 1000 1
192 192 1000000000
192 193 1000000000
193 1000 1
193 193 1000000000
193 194 1000000000
194 1000 1
194 194 1000000000
194 195 1000000000
195 1000 1
195 195 1000000000
195 196 1000000000
196 1000 1
196 196 1000000000
196 197 1000000000
197 1000 1
197 197 1000000000
197 198 1000000000
198 1000 1
198 198 1000000000
198 199 1000000000
199 1000 1
199 199 1000000000
199 200 1000000000
200 1000 1
200 200 1000000000
200 201 1000000000
201 1000 1
201 201 1000000000
201 202 1000000000
202 1000 1
202 202 1000000000
202 203 1000000000
203 1000 1
203 203 1000000000
203 204 1000000000
204 1000 1
204 204 1000000000
204 205 1000000000
205 1000 1
205 205 1000000000
205 206 1000000000
206 1000 1
206 206 1000000000
206 207 1000000000
207 1000 1
207 207 1000000000
207 208 1000000000
208 1000 1
208 208 1000000000
208 209 1000000000
209 1000 1
209 209 1000000000
209 210 1000000000
210 1000 1
210 210 1000000000
210 211 1000000000
211 1000 1
211 211 1000000000
211 212 1000000000
212 1000 1
212 212 1000000000
212 213 1000000000
213 1000 1
213 213 1000000000
213 214 1000000000
214 1000 1
214 214 1000000000
214 215 1000000000
215 1000 1
215 215 1000000000
215 216 1000000000
216 1000 1
216 216 1000000000
216 217 1000000000
217 1000 1
217 217 1000000000
217 218 1000000000
218 1000 1
218 218 1000000000
218 219 1000000000
219 1000 1
219 219 1000000000
219 220 1000000000
220 1000 1
220 220 1000000000
220 221 1000000000
221 1000 1
221 221 1000000000
221 222 1000000000
222 1000 1
222 222 1000000000
222 223 1000000000
223 1000 1
223 223 1000000000
223 224 1000000000
224 1000 1
224 224 1000000000
224 225 1000000000
225 1000 1
225 225 1000000000
225 226 1000000000
226 1000 1
226 226 1000000000
226 227 1000000000
227 1000 1
227 227 1000000000
227 228 1000000000
228 1000 1
228 228 1000000000
228 229 1000000000
229 1000 1
229 229 1000000000
229 230 1000000000
230 1000 1
230 230 1000000000
230 231 1000000000
231 1000 1
231 231 1000000000
231 232 1000000000
232 1000 1
232 232 1000000000
232 233 1000000000
233 1000 1
233 233 1000000000
233 234 1000000000
234 1000 1
234 234 1000000000
234 235 1000000000
235 1000 1
235 235 1000000000
235 236 1000000000
236 1000 1
236 236 1000000000
236 237 1000000000
237 1000 1
237 237 1000000000
237 238 1000000000
238 1000 1
238 238 1000000000
238 239 1000000000
239 1000 1
239 239 1000000000
239 240 1000000000
240 1000 1
240 240 1000000000
240 241 1000000000
241 1000 1
241 241 1000000000
241 242 1000000000
242 1000 1
242 242 1000000000
242 243 1000000000
243 1000 1
243 243 1000000000
243 244 1000000000
244 1000 1
244 244 1000000000
244 245 1000000000
245 1000 1
245 245 1000000000
245 246 1000000000
246 1000 1
246 246 1000000000
246 247 1000000000
247 1000 1
247 247 1000000000
247 248 1000000000
248 1000 1
248 248 1000000000
248 249 1000000000
249 1000 1
249 249 1000000000
249 250 1000000000
250 1000 1
250 250 1000000000
250 251 1000000000
251 1000 1
251 251 1000000000
251 252 1000000000
252 1000 1
252 252 1000000000
252 253 1000000000
253 1000 1
253 253 1000000000
253 254 1000000000
254 1000 1
254 254 1000000000
254 255 1000000000
255 1000 1
255 255 1000000000
255 256 1000000000
256 1000 1
256 256 1000000000
256 257 1000000000
257 1000 1
257 257 1000000000
257 258 1000000000
258 1000 1
258 258 1000000000
258 259 1000000000
259 1000 1
259 259 1000000000
259 260 1000000000
260 1000 1
260 260 1000000000
260 261 1000000000
261 1000 1
261 261 1000000000
261 262 1000000000
262 1000 1
262 262 1000000000
262 263 1000000000
263 1000 1
263 263 1000000000
263 264 1000000000
264 1000 1
264 264 1000000000
264 265 1000000000
265 1000 1
265 265 1000000000
265 266 1000000000
266 1000 1
266 266 1000000000
266 267 1000000000
267 1000 1
267 267 1000000000
267 268 1000000000
268 1000 1
268 268 1000000000
268 269 1000000000
269 1000 1
269 269 1000000000
269 270 1000000000
270 1000 1
270 270 1000000000
270 271 1000000000
271 1000 1
271 271 1000000000
271 272 1000000000
272 1000 1
272 272 1000000000
272 273 1000000000
273 1000 1
273 273 1000000000
273 274 1000000000
274 1000 1
274 274 1000000000
274 275 1000000000
275 1000 1
275 275 1000000000
275 276 1000000000
276 1000 1
276 276 1000000000
276 277 1000000000
277 1000 1
277 277 1000000000
277 278 1000000000
278 1000 1
278 278 1000000000
278 279 1000000000
279 1000 1
279 279 1000000000
279 280 1000000000
280 1000 1
280 280 1000000000
280 281 1000000000
281 1000 1
281 281 1000000000
281 282 1000000000
282 1000 1
282 282 1000000000
282 283 1000000000
283 1000 1
283 283 1000000000
283 284 1000000000
284 1000 1
284 284 1000000000
284 285 1000000000
285 1000 1
285 285 1000000000
285 286 1000000000
286 1000 1
286 286 1000000000
286 287 1000000000
287 1000 1
287 287 1000000000
287 288 1000000000
288 1000 1
288 288 1000000000
288 289 1000000000
289 1000 1
289 289 1000000000
289 290 1000000000
290 1000 1
290 290 1000000000
290 291 1000000000
291 1000 1
291 291 1000000000
291 292 1000000000
292 1000 1
292 292 1000000000
292 293 1000000000
293 1000 1
293 293 1000000000
293 294 1000000000
294 1000 1
294 294 1000000000
294 295 1000000000
295 1000 1
295 295 1000000000
295 296 1000000000
296 1000 1
296 296 1000000000
296 297 1000000000
297 1000 1
297 297 1000000000
297 298 1000000000
298 1000 1
298 298 1000000000
298 299 1000000000
299 1000 1
299 299 1000000000
299 300 1000000000
300 1000 1
300 300 1000000000
300 301 1000000000
301 1000 1
301 301 1000000000
301 302 1000000000
302 1000 1
302 302 1000000000
302 303 1000000000
303 1000 1
303 303 1000000000
303 304 1000000000
304 1000 1
304 304 1000000000
304 305 1000000000
305 1000 1
305 305 1000000000
305 306 1000000000
306 1000 1
306 306 1000000000
306 307 1000000000
307 1000 1
307 307 1000000000
307 308 1000000000
308 1000 1
308 308 1000000000
308 309 1000000000
309 1000 1
309 309 1000000000
309 310 1000000000
310 1000 1
310 310 1000000000
310 311 1000000000
311 1000 1
311 311 1000000000
311 312 1000000000
312 1000 1
312 312 1000000000
312 313 1000000000
313 1000 1
313 313 1000000000
313 314 1000000000
314 1000 1
314 314 1000000000
314 315 1000000000
315 1000 1
315 315 1000000000
315 316 1000000000
316 1000 1
316 316 1000000000
316 317 1000000000
317 1000 1
317 317 1000000000
317 318 1000000000
318 1000 1
318 318 1000000000
318 319 1000000000
319 1000 1
319 319 1000000000
319 320 1000000000
320 1000 1
320 320 1000000000
320 321 1000000000
321 1000 1
321 321 1000000000
321 322 1000000000
322 1000 1
322 322 1000000000
322 323 1000000000
323 1000 1
323 323 1000000000
323 324 1000000000
324 1000 1
324 324 1000000000
324 325 1000000000
325 1000 1
325 325 1000000000
325 326 1000000000
326 1000 1
326 326 1000000000
326 327 1000000000
327 1000 1
327 327 1000000000
327 328 1000000000
328 1000 1
328 328 1000000000
328 329 1000000000
329 1000 1
329 329 1000000000
329 330 1000000000
330 1000 1
330 330 1000000000
330 331 1000000000
331 1000 1
331 331 1000000000
331 332 1000000000
332 1000 1
332 332 1000000000
332 333 1000000000
333 1000 1
333 333 1000000000
333 334 1000000000
334 1000 1
334 334 1000000000
334 335 1000000000
335 1000 1
335 335 1000000000
335 336 1000000000
336 1000 1
336 336 1000000000
336 337 1000000000
337 1000 1
337 337 1000000000
337 338 1000000000
338 1000 1
338 338 1000000000
338 339 1000000000
339 1000 1
339 339 1000000000
339 340 1000000000
340 1000 1
340 340 1000000000
340 341 1000000000
341 1000 1
341 341 1000000000
341 342 1000000000
342 1000 1
342 342 1000000000
342 343 1000000000
343 1000 1
343 343 1000000000
343 344 1000000000
344 1000 1
344 344 1000000000
344 345 1000000000
345 1000 1
345 345 1000000000
345 346 1000000000
346 1000 1
346 346 1000000000
346 347 1000000000
347 1000 1
347 347 1000000000
347 348 1000000000
348 1000 1
348 348 1000000000
348 349 1000000000
349 1000 1
349 349 1000000000
349 350 1000000000
350 1000 1
350 350 1000000000
350 351 1000000000
351 1000 1
351 351 1000000000
351 352 1000000000
352 1000 1
352 352 1000000000
352 353 1000000000
353 1000 1
353 353 1000000000
353 354 1000000000
354 1000 1
354 354 1000000000
354 355 1000000000
355 1000 1
355 355 1000000000
355 356 1000000000
356 1000 1
356 356 1000000000
356 357 1000000000
357 1000 1
357 357 1000000000
357 358 1000000000
358 1000 1
358 358 1000000000
358 359 1000000000
359 1000 1
359 359 1000000000
359 360 1000000000
360 1000 1
360 360 1000000000
360 361 1000000000
361 1000 1
361 361 1000000000
361 362 1000000000
362 1000 1
362 362 1000000000
362 363 1000000000
363 1000 1
363 363 1000000000
363 364 1000000000
364 1000 1
364 364 1000000000
364 365 1000000000
365 1000 1
365 365 1000000000
365 366 1000000000
366 1000 1
366 366 1000000000
366 367 1000000000
367 1000 1
367 367 1000000000
367 368 1000000000
368 1000 1
368 368 1000000000
368 369 1000000000
369 1000 1
369 369 1000000000
369 370 1000000000
370 1000 1
370 370 1000000000
370 371 1000000000
371 1000 1
371 371 1000000000
371 372 1000000000
372 1000 1
372 372 1000000000
372 373 1000000000
373 1000 1
373 373 1000000000
373 374 1000000000
374 1000 1
374 374 1000000000
374 375 1000000000
375 1000 1
375 375 1000000000
375 376 1000000000
376 1000 1
376 376 1000000000
376 377 1000000000
377 1000 1
377 377 1000000000
377 378 1000000000
378 1000 1
378 378 1000000000
378 379 1000000000
379 1000 1
379 379 1000000000
379 380 1000000000
380 1000 1
380 380 1000000000
380 381 1000000000
381 1000 1
381 381 1000000000
381 382 1000000000
382 1000 1
382 382 1000000000
382 383 1000000000
383 1000 1
383 383 1000000000
383 384 1000000000
384 1000 1
384 384 1000000000
384 385 1000000000
385 1000 1
385 385 1000000000
385 386 1000000000
386 1000 1
386 386 1000000000
386 387 1000000000
387 1000 1
387 387 1000000000
387 388 1000000000
388 1000 1
388 388 1000000000
388 389 1000000000
389 1000 1
389 389 1000000000
389 390 1000000000
390 1000 1
390 390 1000000000
390 391 1000000000
391 1000 1
391 391 1000000000
391 392 1000000000
392 1000 1
392 392 1000000000
392 393 1000000000
393 1000 1
393 393 1000000000
393 394 1000000000
394 1000 1
394 394 1000000000
394 395 1000000000
395 1000 1
395 395 1000000000
395 396 1000000000
396 1000 1
396 396 1000000000
396 397 1000000000
397 1000 1
397 397 1000000000
397 398 1000000000
398 1000 1
398 398 1000000000
398 399 1000000000
399 1000 1
399 399 1000000000
399 400 1000000000
400 1000 1
400 400 1000000000
400 401 1000000000
401 1000 1
401 401 1000000000
401 402 1000000000
402 1000 1
402 402 1000000000
402 403 1000000000
403 1000 1
403 403 1000000000
403 404 1000000000
404 1000 1
404 404 1000000000
404 405 1000000000
405 1000 1
405 405 1000000000
405 406 1000000000
406 1000 1
406 406 1000000000
406 407 1000000000
407 1000 1
407 407 1000000000
407 408 1000000000
408 1000 1
408 408 1000000000
408 409 1000000000
409 1000 1
409 409 1000000000
409 410 1000000000
410 1000 1
410 410 1000000000
410 411 1000000000
411 1000 1
411 411 1000000000
411 412 1000000000
412 1000 1
412 412 1000000000
412 413 1000000000
413 1000 1
413 413 1000000000
413 414 1000000000
414 1000 1
414 414 1000000000
414 415 1000000000
415 1000 1
415 415 1000000000
415 416 1000000000
416 1000 1
416 416 1000000000
416 417 1000000000
417 1000 1
417 417 1000000000
417 418 1000000000
418 1000 1
418 418 1000000000
418 419 1000000000
419 1000 1
419 419 1000000000
419 420 1000000000
420 1000 1
420 420 1000000000
420 421 1000000000
421 1000 1
421 421 1000000000
421 422 1000000000
422 1000 1
422 422 1000000000
422 423 1000000000
423 1000 1
423 423 1000000000
423 424 1000000000
424 1000 1
424 424 1000000000
424 425 1000000000
425 1000 1
425 425 1000000000
425 426 1000000000
426 1000 1
426 426 1000000000
426 427 1000000000
427 1000 1
427 427 1000000000
427 428 1000000000
428 1000 1
428 428 1000000000
428 429 1000000000
429 1000 1
429 429 1000000000
429 430 1000000000
430 1000 1
430 430 1000000000
430 431 1000000000
431 1000 1
431 431 1000000000
431 432 1000000000
432 1000 1
432 432 1000000000
432 433 1000000000
433 1000 1
433 433 1000000000
433 434 1000000000
434 1000 1
434 434 1000000000
434 435 1000000000
435 1000 1
435 435 1000000000
435 436 1000000000
436 1000 1
436 436 1000000000
436 437 1000000000
437 1000 1
437 437 1000000000
437 438 1000000000
438 1000 1
438 438 1000000000
438 439 1000000000
439 1000 1
439 439 1000000000
439 440 1000000000
440 1000 1
440 440 1000000000
440 441 1000000000
441 1000 1
441 441 1000000000
441 442 1000000000
442 1000 1
442 442 1000000000
442 443 1000000000
443 1000 1
443 443 1000000000
443 444 1000000000
444 1000 1
444 444 1000000000
444 445 1000000000
445 1000 1
445 445 1000000000
445 446 1000000000
446 1000 1
446 446 1000000000
446 447 1000000000
447 1000 1
447 447 1000000000
447 448 1000000000
448 1000 1
448 448 1000000000
448 449 1000000000
449 1000 1
449 449 1000000000
449 450 1000000000
450 1000 1
450 450 1000000000
450 451 1000000000
451 1000 1
451 451 1000000000
451 452 1000000000
452 1000 1
452 452 1000000000
452 453 1000000000
453 1000 1
453 453 1000000000
453 454 1000000000
454 1000 1
454 454 1000000000
454 455 1000000000
455 1000 1
455 455 1000000000
455 456 1000000000
456 1000 1
456 456 1000000000
456 457 1000000000
457 1000 1
457 457 1000000000
457 458 1000000000
458 1000 1
458 458 1000000000
458 459 1000000000
459 1000 1
459 459 1000000000
459 460 1000000000
460 1000 1
460 460 1000000000
460 461 1000000000
461 1000 1
461 461 1000000000
461 462 1000000000
462 1000 1
462 462 1000000000
462 463 1000000000
463 1000 1
463 463 1000000000
463 464 1000000000
464 1000 1
464 464 1000000000
464 465 1000000000
465 1000 1
465 465 1000000000
465 466 1000000000
466 1000 1
466 466 1000000000
466 467 1000000000
467 1000 1
467 467 1000000000
467 468 1000000000
468 1000 1
468 468 1000000000
468 469 1000000000
469 1000 1
469 469 1000000000
469 470 1000000000
470 1000 1
470 470 1000000000
470 471 1000000000
471 1000 1
471 471 1000000000
471 472 1000000000
472 1000 1
472 472 1000000000
472 473 1000000000
473 1000 1
473 473 1000000000
473 474 1000000000
474 1000 1
474 474 1000000000
474 475 1000000000
475 1000 1
475 475 1000000000
475 476 1000000000
476 1000 1
476 476 1000000000
476 477 1000000000
477 1000 1
477 477 1000000000
477 478 1000000000
478 1000 1
478 478 1000000000
478 479 1000000000
479 1000 1
479 479 1000000000
479 480 1000000000
480 1000 1
480 480 1000000000
480 481 1000000000
481 1000 1
481 481 1000000000
481 482 1000000000
482 1000 1
482 482 1000000000
482 483 1000000000
483 1000 1
483 483 1000000000
483 484 1000000000
484 1000 1
484 484 1000000000
484 485 1000000000
485 1000 1
485 485 1000000000
485 486 1000000000
486 1000 1
486 486 1000000000
486 487 1000000000
487 1000 1
487 487 1000000000
487 488 1000000000
488 1000 1
488 488 1000000000
488 489 1000000000
489 1000 1
489 489 1000000000
489 490 1000000000
490 1000 1
490 490 1000000000
490 491 1000000000
491 1000 1
491 491 1000000000
491 492 1000000000
492 1000 1
492 492 1000000000
492 493 1000000000
493 1000 1
493 493 1000000000
493 494 1000000000
494 1000 1
494 494 1000000000
494 495 1000000000
495 1000 1
495 495 1000000000
495 496 1000000000
496 1000 1
496 496 1000000000
496 497 1000000000
497 1000 1
497 497 1000000000
497 498 1000000000
498 1000 1
498 498 1000000000
498 499 1000000000
499 1000 1
499 499 1000000000
499 500 1000000000
500 1000 1
500 500 1000000000
500 501 1000000000
501 1000 1
501 501 1000000000
501 502 1000000000
502 1000 1
502 502 1000000000
502 503 1000000000
503 1000 1
503 503 1000000000
503 504 1000000000
504 1000 1
504 504 1000000000
504 505 1000000000
505 1000 1
505 505 1000000000
505 506 1000000000
506 1000 1
506 506 1000000000
506 507 1000000000
507 1000 1
507 507 1000000000
507 508 1000000000
508 1000 1
508 508 1000000000
508 509 1000000000
509 1000 1
509 509 1000000000
509 510 1000000000
510 1000 1
510 510 1000000000
510 511 1000000000
511 1000 1
511 511 1000000000
511 512 1000000000
512 1000 1
512 512 1000000000
512 513 1000000000
513 1000 1
513 513 1000000000
513 514 1000000000
514 1000 1
514 514 1000000000
514 515 1000000000
515 1000 1
515 515 1000000000
515 516 1000000000
516 1000 1
516 516 1000000000
516 517 1000000000
517 1000 1
517 517 1000000000
517 518 1000000000
518 1000 1
518 518 1000000000
518 519 1000000000
519 1000 1
519 519 1000000000
519 520 1000000000
520 1000 1
520 520 1000000000
520 521 1000000000
521 1000 1
521 521 1000000000
521 522 1000000000
522 1000 1
522 522 1000000000
522 523 1000000000
523 1000 1
523 523 1000000000
523 524 1000000000
524 1000 1
524 524 1000000000
524 525 1000000000
525 1000 1
525 525 1000000000
525 526 1000000000
526 1000 1
526 526 1000000000
526 527 1000000000
527 1000 1
527 527 1000000000
527 528 1000000000
528 1000 1
528 528 1000000000
528 529 1000000000
529 1000 1
529 529 1000000000
529 530 1000000000
530 1000 1
530 530 1000000000
530 531 1000000000
531 1000 1
531 531 1000000000
531 532 1000000000
532 1000 1
532 532 1000000000
532 533 1000000000
533 1000 1
533 533 1000000000
533 534 1000000000
534 1000 1
534 534 1000000000
534 535 1000000000
535 1000 1
535 535 1000000000
535 536 1000000000
536 1000 1
536 536 1000000000
536 537 1000000000
537 1000 1
537 537 1000000000
537 538 1000000000
538 1000 1
538 538 1000000000
538 539 1000000000
539 1000 1
539 539 1000000000
539 540 1000000000
540 1000 1
540 540 1000000000
540 541 1000000000
541 1000 1
541 541 1000000000
541 542 1000000000
542 1000 1
542 542 1000000000
542 543 1000000000
543 1000 1
543 543 1000000000
543 544 1000000000
544 1000 1
544 544 1000000000
544 545 1000000000
545 1000 1
545 545 1000000000
545 546 1000000000
546 1000 1
546 546 1000000000
546 547 1000000000
547 1000 1
547 547 1000000000
547 548 1000000000
548 1000 1
548 548 1000000000
548 549 1000000000
549 1000 1
549 549 1000000000
549 550 1000000000
550 1000 1
550 550 1000000000
550 551 1000000000
551 1000 1
551 551 1000000000
551 552 1000000000
552 1000 1
552 552 1000000000
552 553 1000000000
553 1000 1
553 553 1000000000
553 554 1000000000
554 1000 1
554 554 1000000000
554 555 1000000000
555 1000 1
555 555 1000000000
555 556 1000000000
556 1000 1
556 556 1000000000
556 557 1000000000
557 1000 1
557 557 1000000000
557 558 1000000000
558 1000 1
558 558 1000000000
558 559 1000000000
559 1000 1
559 559 1000000000
559 560 1000000000
560 1000 1
560 560 1000000000
560 561 1000000000
561 1000 1
561 561 1000000000
561 562 1000000000
562 1000 1
562 562 1000000000
562 563 1000000000
563 1000 1
563 563 1000000000
563 564 1000000000
564 1000 1
564 564 1000000000
564 565 1000000000
565 1000 1
565 565 1000000000
565 566 1000000000
566 1000 1
566 566 1000000000
566 567 1000000000
567 1000 1
567 567 1000000000
567 568 1000000000
568 1000 1
568 568 1000000000
568 569 1000000000
569 1000 1
569 569 1000000000
569 570 1000000000
570 1000 1
570 570 1000000000
570 571 1000000000
571 1000 1
571 571 1000000000
571 572 1000000000
572 1000 1
572 572 1000000000
572 573 1000000000
573 1000 1
573 573 1000000000
573 574 1000000000
574 1000 1
574 574 1000000000
574 575 1000000000
575 1000 1
575 575 1000000000
575 576 1000000000
576 1000 1
576 576 1000000000
576 577 1000000000
577 1000 1
577 577 1000000000
577 578 1000000000
578 1000 1
578 578 1000000000
578 579 1000000000
579 1000 1
579 579 1000000000
579 580 1000000000
580 1000 1
580 580 1000000000
580 581 1000000000
581 1000 1
581 581 1000000000
581 582 1000000000
582 1000 1
582 582 1000000000
582 583 1000000000
583 1000 1
583 583 1000000000
583 584 1000000000
584 1000 1
584 584 1000000000
584 585 1000000000
585 1000 1
585 585 1000000000
585 586 1000000000
586 1000 1
586 586 1000000000
586 587 1000000000
587 1000 1
587 587 1000000000
587 588 1000000000
588 1000 1
588 588 1000000000
588 589 1000000000
589 1000 1
589 589 1000000000
589 590 1000000000
590 1000 1
590 590 1000000000
590 591 1000000000
591 1000 1
591 591 1000000000
591 592 1000000000
592 1000 1
592 592 1000000000
592 593 1000000000
593 1000 1
593 593 1000000000
593 594 1000000000
594 1000 1
594 594 1000000000
594 595 1000000000
595 1000 1
595 595 1000000000
595 596 1000000000
596 1000 1
596 596 1000000000
596 597 1000000000
597 1000 1
597 597 1000000000
597 598 1000000000
598 1000 1
598 598 1000000000
598 599 1000000000
599 1000 1
599 599 1000000000
599 600 1000000000
600 1000 1
600 600 1000000000
600 601 1000000000
601 1000 1
601 601 1000000000
601 602 1000000000
602 1000 1
602 602 1000000000
602 603 1000000000
603 1000 1
603 603 1000000000
603 604 1000000000
604 1000 1
604 604 1000000000
604 605 1000000000
605 1000 1
605 605 1000000000
605 606 1000000000
606 1000 1
606 606 1000000000
606 607 1000000000
607 1000 1
607 607 1000000000
607 608 1000000000
608 1000 1
608 608 1000000000
608 609 1000000000
609 1000 1
609 609 1000000000
609 610 1000000000
610 1000 1
610 610 1000000000
610 611 1000000000
611 1000 1
611 611 1000000000
611 612 1000000000
612 1000 1
612 612 1000000000
612 613 1000000000
613 1000 1
613 613 1000000000
613 614 1000000000
614 1000 1
614 614 1000000000
614 615 1000000000
615 1000 1
615 615 1000000000
615 616 1000000000
616 1000 1
616 616 1000000000
616 617 1000000000
617 1000 1
617 617 1000000000
617 618 1000000000
618 1000 1
618 618 1000000000
618 619 1000000000
619 1000 1
619 619 1000000000
619 620 1000000000
620 1000 1
620 620 1000000000
620 621 1000000000
621 1000 1
621 621 1000000000
621 622 1000000000
622 1000 1
622 622 1000000000
622 623 1000000000
623 1000 1
623 623 1000000000
623 624 1000000000
624 1000 1
624 624 1000000000
624 625 1000000000
625 1000 1
625 625 1000000000
625 626 1000000000
626 1000 1
626 626 1000000000
626 627 1000000000
627 1000 1
627 627 1000000000
627 628 1000000000
628 1000 1
628 628 1000000000
628 629 1000000000
629 1000 1
629 629 1000000000
629 630 1000000000
630 1000 1
630 630 1000000000
630 631 1000000000
631 1000 1
631 631 1000000000
631 632 1000000000
632 1000 1
632 632 1000000000
632 633 1000000000
633 1000 1
633 633 1000000000
633 634 1000000000
634 1000 1
634 634 1000000000
634 635 1000000000
635 1000 1
635 635 1000000000
635 636 1000000000
636 1000 1
636 636 1000000000
636 637 1000000000
637 1000 1
637 637 1000000000
637 638 1000000000
638 1000 1
638 638 1000000000
638 639 1000000000
639 1000 1
639 639 1000000000
639 640 1000000000
640 1000 1
640 640 1000000000
640 641 1000000000
641 1000 1
641 641 1000000000
641 642 1000000000
642 1000 1
642 642 1000000000
642 643 1000000000
643 1000 1
643 643 1000000000
643 644 1000000000
644 1000 1
644 644 1000000000
644 645 1000000000
645 1000 1
645 645 1000000000
645 646 1000000000
646 1000 1
646 646 1000000000
646 647 1000000000
647 1000 1
647 647 1000000000
647 648 1000000000
648 1000 1
648 648 1000000000
648 649 1000000000
649 1000 1
649 649 1000000000
649 650 1000000000
650 1000 1
650 650 1000000000
650 651 1000000000
651 1000 1
651 651 1000000000
651 652 1000000000
652 1000 1
652 652 1000000000
652 653 1000000000
653 1000 1
653 653 1000000000
653 654 1000000000
654 1000 1
654 654 1000000000
654 655 1000000000
655 1000 1
655 655 1000000000
655 656 1000000000
656 1000 1
656 656 1000000000
656 657 1000000000
657 1000 1
657 657 1000000000
657 658 1000000000
658 1000 1
658 658 1000000000
658 659 1000000000
659 1000 1
659 659 1000000000
659 660 1000000000
660 1000 1
660 660 1000000000
660 661 1000000000
661 1000 1
661 661 1000000000
661 662 1000000000
662 1000 1
662 662 1000000000
662 663 1000000000
663 1000 1
663 663 1000000000
663 664 1000000000
664 1000 1
664 664 1000000000
664 665 1000000000
665 1000 1
665 665 1000000000
665 666 1000000000
666 1000 1
666 666 1000000000
666 667 1000000000
667 1000 1
667 667 1000000000
667 668 1000000000
668 1000 1
668 668 1000000000
668 669 1000000000
669 1000 1
669 669 1000000000
669 670 1000000000
670 1000 1
670 670 1000000000
670 671 1000000000
671 1000 1
671 671 1000000000
671 672 1000000000
672 1000 1
672 672 1000000000
672 673 1000000000
673 1000 1
673 673 1000000000
673 674 1000000000
674 1000 1
674 674 1000000000
674 675 1000000000
675 1000 1
675 675 1000000000
675 676 1000000000
676 1000 1
676 676 1000000000
676 677 1000000000
677 1000 1
677 677 1000000000
677 678 1000000000
678 1000 1
678 678 1000000000
678 679 1000000000
679 1000 1
679 679 1000000000
679 680 1000000000
680 1000 1
680 680 1000000000
680 681 1000000000
681 1000 1
681 681 1000000000
681 682 1000000000
682 1000 1
682 682 1000000000
682 683 1000000000
683 1000 1
683 683 1000000000
683 684 1000000000
684 1000 1
684 684 1000000000
684 685 1000000000
685 1000 1
685 685 1000000000
685 686 1000000000
686 1000 1
686 686 1000000000
686 687 1000000000
687 1000 1
687 687 1000000000
687 688 1000000000
688 1000 1
688 688 1000000000
688 689 1000000000
689 1000 1
689 689 1000000000
689 690 1000000000
690 1000 1
690 690 1000000000
690 691 1000000000
691 1000 1
691 691 1000000000
691 692 1000000000
692 1000 1
692 692 1000000000
692 693 1000000000
693 1000 1
693 693 1000000000
693 694 1000000000
694 1000 1
694 694 1000000000
694 695 1000000000
695 1000 1
695 695 1000000000
695 696 1000000000
696 1000 1
696 696 1000000000
696 697 1000000000
697 1000 1
697 697 1000000000
697 698 1000000000
698 1000 1
698 698 1000000000
698 699 1000000000
699 1000 1
699 699 1000000000
699 700 1000000000
700 1000 1
700 700 1000000000
700 701 1000000000
701 1000 1
701 701 1000000000
701 702 1000000000
702 1000 1
702 702 1000000000
702 703 1000000000
703 1000 1
703 703 1000000000
703 704 1000000000
704 1000 1
704 704 1000000000
704 705 1000000000
705 1000 1
705 705 1000000000
705 706 1000000000
706 1000 1
706 706 1000000000
706 707 1000000000
707 1000 1
707 707 1000000000
707 708 1000000000
708 1000 1
708 708 1000000000
708 709 1000000000
709 1000 1
709 709 1000000000
709 710 1000000000
710 1000 1
710 710 1000000000
710 711 1000000000
711 1000 1
711 711 1000000000
711 712 1000000000
712 1000 1
712 712 1000000000
712 713 1000000000
713 1000 1
713 713 1000000000
713 714 1000000000
714 1000 1
714 714 1000000000
714 715 1000000000
715 1000 1
715 715 1000000000
715 716 1000000000
716 1000 1
716 716 1000000000
716 717 1000000000
717 1000 1
717 717 1000000000
717 718 1000000000
718 1000 1
718 718 1000000000
718 719 1000000000
719 1000 1
719 719 1000000000
719 720 1000000000
720 1000 1
720 720 1000000000
720 721 1000000000
721 1000 1
721 721 1000000000
721 722 1000000000
722 1000 1
722 722 1000000000
722 723 1000000000
723 1000 1
723 723 1000000000
723 724 1000000000
724 1000 1
724 724 1000000000
724 725 1000000000
725 1000 1
725 725 1000000000
725 726 1000000000
726 1000 1
726 726 1000000000
726 727 1000000000
727 1000 1
727 727 1000000000
727 728 1000000000
728 1000 1
728 728 1000000000
728 729 1000000000
729 1000 1
729 729 1000000000
729 730 1000000000
730 1000 1
730 730 1000000000
730 731 1000000000
731 1000 1
731 731 1000000000
731 732 1000000000
732 1000 1
732 732 1000000000
732 733 1000000000
733 1000 1
733 733 1000000000
733 734 1000000000
734 1000 1
734 734 1000000000
734 735 1000000000
735 1000 1
735 735 1000000000
735 736 1000000000
736 1000 1
736 736 1000000000
736 737 1000000000
737 1000 1
737 737 1000000000
737 738 1000000000
738 1000 1
738 738 1000000000
738 739 1000000000
739 1000 1
739 739 1000000000
739 740 1000000000
740 1000 1
740 740 1000000000
740 741 1000000000
741 1000 1
741 741 1000000000
741 742 1000000000
742 1000 1
742 742 1000000000
742 743 1000000000
743 1000 1
743 743 1000000000
743 744 1000000000
744 1000 1
744 744 1000000000
744 745 1000000000
745 1000 1
745 745 1000000000
745 746 1000000000
746 1000 1
746 746 1000000000
746 747 1000000000
747 1000 1
747 747 1000000000
747 748 1000000000
748 1000 1
748 748 1000000000
748 749 1000000000
749 1000 1
749 749 1000000000
749 750 1000000000
750 1000 1
750 750 1000000000
750 751 1000000000
751 1000 1
751 751 1000000000
751 752 1000000000
752 1000 1
752 752 1000000000
752 753 1000000000
753 1000 1
753 753 1000000000
753 754 1000000000
754 1000 1
754 754 1000000000
754 755 1000000000
755 1000 1
755 755 1000000000
755 756 1000000000
756 1000 1
756 756 1000000000
756 757 1000000000
757 1000 1
757 757 1000000000
757 758 1000000000
758 1000 1
758 758 1000000000
758 759 1000000000
759 1000 1
759 759 1000000000
759 760 1000000000
760 1000 1
760 760 1000000000
760 761 1000000000
761 1000 1
761 761 1000000000
761 762 1000000000
762 1000 1
762 762 1000000000
762 763 1000000000
763 1000 1
763 763 1000000000
763 764 1000000000
764 1000 1
764 764 1000000000
764 765 1000000000
765 1000 1
765 765 1000000000
765 766 1000000000
766 1000 1
766 766 1000000000
766 767 1000000000
767 1000 1
767 767 1000000000
767 768 1000000000
768 1000 1
768 768 1000000000
768 769 1000000000
769 1000 1
769 769 1000000000
769 770 1000000000
770 1000 1
770 770 1000000000
770 771 1000000000
771 1000 1
771 771 1000000000
771 772 1000000000
772 1000 1
772 772 1000000000
772 773 1000000000
773 1000 1
773 773 1000000000
773 774 1000000000
774 1000 1
774 774 1000000000
774 775 1000000000
775 1000 1
775 775 1000000000
775 776 1000000000
776 1000 1
776 776 1000000000
776 777 1000000000
777 1000 1
777 777 1000000000
777 778 1000000000
778 1000 1
778 778 1000000000
778 779 1000000000
779 1000 1
779 779 1000000000
779 780 1000000000
780 1000 1
780 780 1000000000
780 781 1000000000
781 1000 1
781 781 1000000000
781 782 1000000000
782 1000 1
782 782 1000000000
782 783 1000000000
783 1000 1
783 783 1000000000
783 784 1000000000
784 1000 1
784 784 1000000000
784 785 1000000000
785 1000 1
785 785 1000000000
785 786 1000000000
786 1000 1
786 786 1000000000
786 787 1000000000
787 1000 1
787 787 1000000000
787 788 1000000000
788 1000 1
788 788 1000000000
788 789 1000000000
789 1000 1
789 789 1000000000
789 790 1000000000
790 1000 1
790 790 1000000000
790 791 1000000000
791 1000 1
791 791 1000000000
791 792 1000000000
792 1000 1
792 792 1000000000
792 793 1000000000
793 1000 1
793 793 1000000000
793 794 1000000000
794 1000 1
794 794 1000000000
794 795 1000000000
795 1000 1
795 795 1000000000
795 796 1000000000
796 1000 1
796 796 1000000000
796 797 1000000000
797 1000 1
797 797 1000000000
797 798 1000000000
798 1000 1
798 798 1000000000
798 799 1000000000
799 1000 1
799 799 1000000000
799 800 1000000000
800 1000 1
800 800 1000000000
800 801 1000000000
801 1000 1
801 801 1000000000
801 802 1000000000
802 1000 1
802 802 1000000000
802 803 1000000000
803 1000 1
803 803 1000000000
803 804 1000000000
804 1000 1
804 804 1000000000
804 805 1000000000
805 1000 1
805 805 1000000000
805 806 1000000000
806 1000 1
806 806 1000000000
806 807 1000000000
807 1000 1
807 807 1000000000
807 808 1000000000
808 1000 1
808 808 1000000000
808 809 1000000000
809 1000 1
809 809 1000000000
809 810 1000000000
810 1000 1
810 810 1000000000
810 811 1000000000
811 1000 1
811 811 1000000000
811 812 1000000000
812 1000 1
812 812 1000000000
812 813 1000000000
813 1000 1
813 813 1000000000
813 814 1000000000
814 1000 1
814 814 1000000000
814 815 1000000000
815 1000 1
815 815 1000000000
815 816 1000000000
816 1000 1
816 816 1000000000
816 817 1000000000
817 1000 1
817 817 1000000000
817 818 1000000000
818 1000 1
818 818 1000000000
818 819 1000000000
819 1000 1
819 819 1000000000
819 820 1000000000
820 1000 1
820 820 1000000000
820 821 1000000000
821 1000 1
821 821 1000000000
821 822 1000000000
822 1000 1
822 822 1000000000
822 823 1000000000
823 1000 1
823 823 1000000000
823 824 1000000000
824 1000 1
824 824 1000000000
824 825 1000000000
825 1000 1
825 825 1000000000
825 826 1000000000
826 1000 1
826 826 1000000000
826 827 1000000000
827 1000 1
827 827 1000000000
827 828 1000000000
828 1000 1
828 828 1000000000
828 829 1000000000
829 1000 1
829 829 1000000000
829 830 1000000000
830 1000 1
830 830 1000000000
830 831 1000000000
831 1000 1
831 831 1000000000
831 832 1000000000
832 1000 1
832 832 1000000000
832 833 1000000000
833 1000 1
833 833 1000000000
833 834 1000000000
834 1000 1
834 834 1000000000
834 835 1000000000
835 1000 1
835 835 1000000000
835 836 1000000000
836 1000 1
836 836 1000000000
836 837 1000000000
837 1000 1
837 837 1000000000
837 838 1000000000
838 1000 1
838 838 1000000000
838 839 1000000000
839 1000 1
839 839 1000000000
839 840 1000000000
840 1000 1
840 840 1000000000
840 841 1000000000
841 1000 1
841 841 1000000000
841 842 1000000000
842 1000 1
842 842 1000000000
842 843 1000000000
843 1000 1
843 843 1000000000
843 844 1000000000
844 1000 1
844 844 1000000000
844 845 1000000000
845 1000 1
845 845 1000000000
845 846 1000000000
846 1000 1
846 846 1000000000
846 847 1000000000
847 1000 1
847 847 1000000000
847 848 1000000000
848 1000 1
848 848 1000000000
848 849 1000000000
849 1000 1
849 849 1000000000
849 850 1000000000
850 1000 1
850 850 1000000000
850 851 1000000000
851 1000 1
851 851 1000000000
851 852 1000000000
852 1000 1
852 852 1000000000
852 853 1000000000
853 1000 1
853 853 1000000000
853 854 1000000000
854 1000 1
854 854 1000000000
854 855 1000000000
855 1000 1
855 855 1000000000
855 856 1000000000
856 1000 1
856 856 1000000000
856 857 1000000000
857 1000 1
857 857 1000000000
857 858 1000000000
858 1000 1
858 858 1000000000
858 859 1000000000
859 1000 1
859 859 1000000000
859 860 1000000000
860 1000 1
860 860 1000000000
860 861 1000000000
861 1000 1
861 861 1000000000
861 862 1000000000
862 1000 1
862 862 1000000000
862 863 1000000000
863 1000 1
863 863 1000000000
863 864 1000000000
864 1000 1
864 864 1000000000
864 865 1000000000
865 1000 1
865 865 1000000000
865 866 1000000000
866 1000 1
866 866 1000000000
866 867 1000000000
867 1000 1
867 867 1000000000
867 868 1000000000
868 1000 1
868 868 1000000000
868 869 1000000000
869 1000 1
869 869 1000000000
869 870 1000000000
870 1000 1
870 870 1000000000
870 871 1000000000
871 1000 1
871 871 1000000000
871 872 1000000000
872 1000 1
872 872 1000000000
872 873 1000000000
873 1000 1
873 873 1000000000
873 874 1000000000
874 1000 1
874 874 1000000000
874 875 1000000000
875 1000 1
875 875 1000000000
875 876 1000000000
876 1000 1
876 876 1000000000
876 877 1000000000
877 1000 1
877 877 1000000000
877 878 1000000000
878 1000 1
878 878 1000000000
878 879 1000000000
879 1000 1
879 879 1000000000
879 880 1000000000
880 1000 1
880 880 1000000000
880 881 1000000000
881 1000 1
881 881 1000000000
881 882 1000000000
882 1000 1
882 882 1000000000
882 883 1000000000
883 1000 1
883 883 1000000000
883 884 1000000000
884 1000 1
884 884 1000000000
884 885 1000000000
885 1000 1
885 885 1000000000
885 886 1000000000
886 1000 1
886 886 1000000000
886 887 1000000000
887 1000 1
887 887 1000000000
887 888 1000000000
888 1000 1
888 888 1000000000
888 889 1000000000
889 1000 1
889 889 1000000000
889 890 1000000000
890 1000 1
890 890 1000000000
890 891 1000000000
891 1000 1
891 891 1000000000
891 892 1000000000
892 1000 1
892 892 1000000000
892 893 1000000000
893 1000 1
893 893 1000000000
893 894 1000000000
894 1000 1
894 894 1000000000
894 895 1000000000
895 1000 1
895 895 1000000000
895 896 1000000000
896 1000 1
896 896 1000000000
896 897 1000000000
897 1000 1
897 897 1000000000
897 898 1000000000
898 1000 1
898 898 1000000000
898 899 1000000000
899 1000 1
899 899 1000000000
899 900 1000000000
900 1000 1
900 900 1000000000
900 901 1000000000
901 1000 1
901 901 1000000000
901 902 1000000000
902 1000 1
902 902 1000000000
902 903 1000000000
903 1000 1
903 903 1000000000
903 904 1000000000
904 1000 1
904 904 1000000000
904 905 1000000000
905 1000 1
905 905 1000000000
905 906 1000000000
906 1000 1
906 906 1000000000
906 907 1000000000
907 1000 1
907 907 1000000000
907 908 1000000000
908 1000 1
908 908 1000000000
908 909 1000000000
909 1000 1
909 909 1000000000
909 910 1000000000
910 1000 1
910 910 1000000000
910 911 1000000000
911 1000 1
911 911 1000000000
911 912 1000000000
912 1000 1
912 912 1000000000
912 913 1000000000
913 1000 1
913 913 1000000000
913 914 1000000000
914 1000 1
914 914 1000000000
914 915 1000000000
915 1000 1
915 915 1000000000
915 916 1000000000
916 1000 1
916 916 1000000000
916 917 1000000000
917 1000 1
917 917 1000000000
917 918 1000000000
918 1000 1
918 918 1000000000
918 919 1000000000
919 1000 1
919 919 1000000000
919 920 1000000000
920 1000 1
920 920 1000000000
920 921 1000000000
921 1000 1
921 921 1000000000
921 922 1000000000
922 1000 1
922 922 1000000000
922 923 1000000000
923 1000 1
923 923 1000000000
923 924 1000000000
924 1000 1
924 924 1000000000
924 925 1000000000
925 1000 1
925 925 1000000000
925 926 1000000000
926 1000 1
926 926 1000000000
926 927 1000000000
927 1000 1
927 927 1000000000
927 928 1000000000
928 1000 1
928 928 1000000000
928 929 1000000000
929 1000 1
929 929 1000000000
929 930 1000000000
930 1000 1
930 930 1000000000
930 931 1000000000
931 1000 1
931 931 1000000000
931 932 1000000000
932 1000 1
932 932 1000000000
932 933 1000000000
933 1000 1
933 933 1000000000
933 934 1000000000
934 1000 1
934 934 1000000000
934 935 1000000000
935 1000 1
935 935 1000000000
935 936 1000000000
936 1000 1
936 936 1000000000
936 937 1000000000
937 1000 1
937 937 1000000000
937 938 1000000000
938 1000 1
938 938 1000000000
938 939 1000000000
939 1000 1
939 939 1000000000
939 940 1000000000
940 1000 1
940 940 1000000000
940 941 1000000000
941 1000 1
941 941 1000000000
941 942 1000000000
942 1000 1
942 942 1000000000
942 943 1000000000
943 1000 1
943 943 1000000000
943 944 1000000000
944 1000 1
944 944 1000000000
944 945 1000000000
945 1000 1
945 945 1000000000
945 946 1000000000
946 1000 1
946 946 1000000000
946 947 1000000000
947 1000 1
947 947 1000000000
947 948 1000000000
948 1000 1
948 948 1000000000
948 949 1000000000
949 1000 1
949 949 1000000000
949 950 1000000000
950 1000 1
950 950 1000000000
950 951 1000000000
951 1000 1
951 951 1000000000
951 952 1000000000
952 1000 1
952 952 1000000000
952 953 1000000000
953 1000 1
953 953 1000000000
953 954 1000000000
954 1000 1
954 954 1000000000
954 955 1000000000
955 1000 1
955 955 1000000000
955 956 1000000000
956 1000 1
956 956 1000000000
956 957 1000000000
957 1000 1
957 957 1000000000
957 958 1000000000
958 1000 1
958 958 1000000000
958 959 1000000000
959 1000 1
959 959 1000000000
959 960 1000000000
960 1000 1
960 960 1000000000
960 961 1000000000
961 1000 1
961 961 1000000000
961 962 1000000000
962 1000 1
962 962 1000000000
962 963 1000000000
963 1000 1
963 963 1000000000
963 964 1000000000
964 1000 1
964 964 1000000000
964 965 1000000000
965 1000 1
965 965 1000000000
965 966 1000000000
966 1000 1
966 966 1000000000
966 967 1000000000
967 1000 1
967 967 1000000000
967 968 1000000000
968 1000 1
968 968 1000000000
968 969 1000000000
969 1000 1
969 969 1000000000
969 970 1000000000
970 1000 1
970 970 1000000000
970 971 1000000000
971 1000 1
971 971 1000000000
971 972 1000000000
972 1000 1
972 972 1000000000
972 973 1000000000
973 1000 1
973 973 1000000000
973 974 1000000000
974 1000 1
974 974 1000000000
974 975 1000000000
975 1000 1
975 975 1000000000
975 976 1000000000
976 1000 1
976 976 1000000000
976 977 1000000000
977 1000 1
977 977 1000000000
977 978 1000000000
978 1000 1
978 978 1000000000
978 979 1000000000
979 1000 1
979 979 1000000000
979 980 1000000000
980 1000 1
980 980 1000000000
980 981 1000000000
981 1000 1
981 981 1000000000
981 982 1000000000
982 1000 1
982 982 1000000000
982 983 1000000000
983 1000 1
983 983 1000000000
983 984 1000000000
984 1000 1
984 984 1000000000
984 985 1000000000
985 1000 1
985 985 1000000000
985 986 1000000000
986 1000 1
986 986 1000000000
986 987 1000000000
987 1000 1
987 987 1000000000
987 988 1000000000
988 1000 1
988 988 1000000000
988 989 1000000000
989 1000 1
989 989 1000000000
989 990 1000000000
990 1000 1
990 990 1000000000
990 991 1000000000
991 1000 1
991 991 1000000000
991 992 1000000000
992 1000 1
992 992 1000000000
992 993 1000000000
993 1000 1
993 993 1000000000
993 994 1000000000
994 1000 1
994 994 1000000000
994 995 1000000000
995 1000 1
995 995 1000000000
995 996 1000000000
996 1000 1
996 996 1000000000
996 997 1000000000
997 1000 1
997 997 1000000000
997 998 1000000000
998 1000 1
998 998 1000000000
998 999 1000000000
999 1000 1
999 999 1000000000
2 2 1000000000
3 3 1000000000
4 4 1000000000
5 5 1000000000
6 6 1000000000
7 7 1000000000