1000 3000 1 1000
1 2 1000000000
1 2 1000000000
1 3 1000000000
1 3 1000000000
1 4 1000000000
1 4 1000000000
1 5 1000000000
1 5 1000000000
1 6 1000000000
1 6 1000000000
1 7 1000000000
1 7 1000000000
1 8 1000000000
1 8 1000000000
1 9 1000000000
1 9 1000000000
1 10 1000000000
1 10 1000000000
1 11 1000000000
1 11 1000000000
1 12 1000000000
1 12 1000000000
1 13 1000000000
1 13 1000000000
1 14 1000000000
1 14 1000000000
1 15 1000000000
1 15 1000000000
1 16 1000000000
1 16 1000000000
1 17 1000000000
1 17 1000000000
1 18 1000000000
1 18 1000000000
1 19 1000000000
1 19 1000000000
1 20 1000000000
1 20 1000000000
1 21 1000000000
1 21 1000000000
1 22 1000000000
1 22 1000000000
1 23 1000000000
1 23 1000000000
1 24 1000000000
1 24 1000000000
1 25 1000000000
1 25 1000000000
1 26 1000000000
1 26 1000000000
1 27 1000000000
1 27 1000000000
1 28 1000000000
1 28 1000000000
1 29 1000000000
1 29 1000000000
1 30 1000000000
1 30 1000000000
1 31 1000000000
1 31 1000000000
1 32 1000000000
1 32 1000000000
1 33 1000000000
1 33 1000000000
1 34 1000000000
1 34 1000000000
1 35 1000000000
1 35 1000000000
1 36 1000000000
1 36 1000000000
1 37 1000000000
1 37 1000000000
1 38 1000000000
1 38 1000000000
1 39 1000000000
1 39 1000000000
1 40 1000000000
1 40 1000000000
1 41 1000000000
1 41 1000000000
1 42 1000000000
1 42 1000000000
1 43 1000000000
1 43 1000000000
1 44 1000000000
1 44 1000000000
1 45 1000000000
1 45 1000000000
1 46 1000000000
1 46 1000000000
1 47 1000000000
1 47 1000000000
1 48 1000000000
1 48 1000000000
1 49 1000000000
1 49 1000000000
1 50 1000000000
1 50 1000000000
1 51 1000000000
1 51 1000000000
1 52 1000000000
1 52 1000000000
1 53 1000000000
1 53 1000000000
1 54 1000000000
1 54 1000000000
1 55 1000000000
1 55 1000000000
1 56 1000000000
1 56 1000000000
1 57 1000000000
1 57 1000000000
1 58 1000000000
1 58 1000000000
1 59 1000000000
1 59 1000000000
1 60 1000000000
1 60 1000000000
1 61 1000000000
1 61 1000000000
1 62 1000000000
1 62 1000000000
1 63 1000000000
1 63 1000000000
1 64 1000000000
1 64 1000000000
1 65 1000000000
1 65 1000000000
1 66 1000000000
1 66 1000000000
1 67 1000000000
1 67 1000000000
1 68 1000000000
1 68 1000000000
1 69 1000000000
1 69 1000000000
1 70 1000000000
1 70 1000000000
1 71 1000000000
1 71 1000000000
1 72 1000000000
1 72 1000000000
1 73 1000000000
1 73 1000000000
1 74 1000000000
1 74 1000000000
1 75 1000000000
1 75 1000000000
1 76 1000000000
1 76 1000000000
1 77 1000000000
1 77 1000000000
1 78 1000000000
1 78 1000000000
1 79 1000000000
1 79 1000000000
1 80 1000000000
1 80 1000000000
1 81 1000000000
1 81 1000000000
1 82 1000000000
1 82 1000000000
1 83 1000000000
1 83 1000000000
1 84 1000000000
1 84 1000000000
1 85 1000000000
1 85 1000000000
1 86 1000000000
1 86 1000000000
1 87 1000000000
1 87 1000000000
1 88 1000000000
1 88 1000000000
1 89 1000000000
1 89 1000000000
1 90 1000000000
1 90 1000000000
1 91 1000000000
1 91 1000000000
1 92 1000000000
1 92 1000000000
1 93 1000000000
1 93 1000000000
1 94 1000000000
1 94 1000000000
1 95 1000000000
1 95 1000000000
1 96 1000000000
1 96 1000000000
1 97 1000000000
1 97 1000000000
1 98 1000000000
1 98 1000000000
1 99 1000000000
1 99 1000000000
1 100 1000000000
1 100 1000000000
1 101 1000000000
1 101 1000000000
1 102 1000000000
1 102 1000000000
1 103 1000000000
1 103 1000000000
1 104 1000000000
1 104 1000000000
1 105 1000000000
1 105 1000000000
1 106 1000000000
1 106 1000000000
1 107 1000000000
1 107 1000000000
1 108 1000000000
1 108 1000000000
1 109 1000000000
1 109 1000000000
1 110 1000000000
1 110 1000000000
1 111 1000000000
1 111 1000000000
1 112 1000000000
1 112 1000000000
1 113 1000000000
1 113 1000000000
1 114 1000000000
1 114 1000000000
1 115 1000000000
1 115 1000000000
1 116 1000000000
1 116 1000000000
1 117 1000000000
1 117 1000000000
1 118 1000000000
1 118 1000000000
1 119 1000000000
1 119 1000000000
1 120 1000000000
1 120 1000000000
1 121 1000000000
1 121 1000000000
1 122 1000000000
1 122 1000000000
1 123 1000000000
1 123 1000000000
1 124 1000000000
1 124 1000000000
1 125 1000000000
1 125 1000000000
1 126 1000000000
1 126 1000000000
1 127 1000000000
1 127 1000000000
1 128 1000000000
1 128 1000000000
1 129 1000000000
1 129 1000000000
1 130 1000000000
1 130 1000000000
1 131 1000000000
1 131 1000000000
1 132 1000000000
1 132 1000000000
1 133 1000000000
1 133 1000000000
1 134 1000000000
1 134 1000000000
1 135 1000000000
1 135 1000000000
1 136 1000000000
1 136 1000000000
1 137 1000000000
1 137 1000000000
1 138 1000000000
1 138 1000000000
1 139 1000000000
1 139 1000000000
1 140 1000000000
1 140 1000000000
1 141 1000000000
1 141 1000000000
1 142 1000000000
1 142 1000000000
1 143 1000000000
1 143 1000000000
1 144 1000000000
1 144 1000000000
1 145 1000000000
1 145 1000000000
1 146 1000000000
1 146 1000000000
1 147 1000000000
1 147 1000000000
1 148 1000000000
1 148 1000000000
1 149 1000000000
1 149 1000000000
1 150 1000000000
1 150 1000000000
1 151 1000000000
1 151 1000000000
1 152 1000000000
1 152 1000000000
1 153 1000000000
1 153 1000000000
1 154 1000000000
1 154 1000000000
1 155 1000000000
1 155 1000000000
1 156 1000000000
1 156 1000000000
1 157 1000000000
1 157 1000000000
1 158 1000000000
1 158 1000000000
1 159 1000000000
1 159 1000000000
1 160 1000000000
1 160 1000000000
1 161 1000000000
1 161 1000000000
1 162 1000000000
1 162 1000000000
1 163 1000000000
1 163 1000000000
1 164 1000000000
1 164 1000000000
1 165 1000000000
1 165 1000000000
1 166 1000000000
1 166 1000000000
1 167 1000000000
1 167 1000000000
1 168 1000000000
1 168 1000000000
1 169 1000000000
1 169 1000000000
1 170 1000000000
1 170 1000000000
1 171 1000000000
1 171 1000000000
1 172 1000000000
1 172 1000000000
1 173 1000000000
1 173 1000000000
1 174 1000000000
1 174 1000000000
1 175 1000000000
1 175 1000000000
1 176 1000000000
1 176 1000000000
1 177 1000000000
1 177 1000000000
1 178 1000000000
1 178 1000000000
1 179 1000000000
1 179 1000000000
1 180 1000000000
1 180 1000000000
1 181 1000000000
1 181 1000000000
1 182 1000000000
1 182 1000000000
1 183 1000000000
1 183 1000000000
1 184 1000000000
1 184 1000000000
1 185 1000000000
1 185 1000000000
1 186 1000000000
1 186 1000000000
1 187 1000000000
1 187 1000000000
1 188 1000000000
1 188 1000000000
1 189 1000000000
1 189 1000000000
1 190 1000000000
1 190 1000000000
1 191 1000000000
1 191 1000000000
1 192 1000000000
1 192 1000000000
1 193 1000000000
1 193 1000000000
1 194 1000000000
1 194 1000000000
1 195 1000000000
1 195 1000000000
1 196 1000000000
1 196 1000000000
1 197 1000000000
1 197 1000000000
1 198 1000000000
1 198 1000000000
1 199 1000000000
1 199 1000000000
1 200 1000000000
1 200 1000000000
1 201 1000000000
1 201 1000000000
1 202 1000000000
1 202 1000000000
1 203 1000000000
1 203 1000000000
1 204 1000000000
1 204 1000000000
1 205 1000000000
1 205 1000000000
1 206 1000000000
1 206 1000000000
1 207 1000000000
1 207 1000000000
1 208 1000000000
1 208 1000000000
1 209 1000000000
1 209 1000000000
1 210 1000000000
1 210 1000000000
1 211 1000000000
1 211 1000000000
1 212 1000000000
1 212 1000000000
1 213 1000000000
1 213 1000000000
1 214 1000000000
1 214 1000000000
1 215 1000000000
1 215 1000000000
1 216 1000000000
1 216 1000000000
1 217 1000000000
1 217 1000000000
1 218 1000000000
1 218 1000000000
1 219 1000000000
1 219 1000000000
1 220 1000000000
1 220 1000000000
1 221 1000000000
1 221 1000000000
1 222 1000000000
1 222 1000000000
1 223 1000000000
1 223 1000000000
1 224 1000000000
1 224 1000000000
1 225 1000000000
1 225 1000000000
1 226 1000000000
1 226 1000000000
1 227 1000000000
1 227 1000000000
1 228 1000000000
1 228 1000000000
1 229 1000000000
1 229 1000000000
1 230 1000000000
1 230 1000000000
1 231 1000000000
1 231 1000000000
1 232 1000000000
1 232 1000000000
1 233 1000000000
1 233 1000000000
1 234 1000000000
1 234 1000000000
1 235 1000000000
1 235 1000000000
1 236 1000000000
1 236 1000000000
1 237 1000000000
1 237 1000000000
1 238 1000000000
1 238 1000000000
1 239 1000000000
1 239 1000000000
1 240 1000000000
1 240 1000000000
1 241 1000000000
1 241 1000000000
1 242 1000000000
1 242 1000000000
1 243 1000000000
1 243 1000000000
1 244 1000000000
1 244 1000000000
1 245 1000000000
1 245 1000000000
1 246 1000000000
1 246 1000000000
1 247 1000000000
1 247 1000000000
1 248 1000000000
1 248 1000000000
1 249 1000000000
1 249 1000000000
1 250 1000000000
1 250 1000000000
1 251 1000000000
1 251 1000000000
1 252 1000000000
1 252 1000000000
1 253 1000000000
1 253 1000000000
1 254 1000000000
1 254 1000000000
1 255 1000000000
1 255 1000000000
1 256 1000000000
1 256 1000000000
1 257 1000000000
1 257 1000000000
1 258 1000000000
1 258 1000000000
1 259 1000000000
1 259 1000000000
1 260 1000000000
1 260 1000000000
1 261 1000000000
1 261 1000000000
1 262 1000000000
1 262 1000000000
1 263 1000000000
1 263 1000000000
1 264 1000000000
1 264 1000000000
1 265 1000000000
1 265 1000000000
1 266 1000000000
1 266 1000000000
1 267 1000000000
1 267 1000000000
1 268 1000000000
1 268 1000000000
1 269 1000000000
1 269 1000000000
1 270 1000000000
1 270 1000000000
1 271 1000000000
1 271 1000000000
1 272 1000000000
1 272 1000000000
1 273 1000000000
1 273 1000000000
1 274 1000000000
1 274 1000000000
1 275 1000000000
1 275 1000000000
1 276 1000000000
1 276 1000000000
1 277 1000000000
1 277 1000000000
1 278 1000000000
1 278 1000000000
1 279 1000000000
1 279 1000000000
1 280 1000000000
1 280 1000000000
1 281 1000000000
1 281 1000000000
1 282 1000000000
1 282 1000000000
1 283 1000000000
1 283 1000000000
1 284 1000000000
1 284 1000000000
1 285 1000000000
1 285 1000000000
1 286 1000000000
1 286 1000000000
1 287 1000000000
1 287 1000000000
1 288 1000000000
1 288 1000000000
1 289 1000000000
1 289 1000000000
1 290 1000000000
1 290 1000000000
1 291 1000000000
1 291 1000000000
1 292 1000000000
1 292 1000000000
1 293 1000000000
1 293 1000000000
1 294 1000000000
1 294 1000000000
1 295 1000000000
1 295 1000000000
1 296 1000000000
1 296 1000000000
1 297 1000000000
1 297 1000000000
1 298 1000000000
1 298 1000000000
1 299 1000000000
1 299 1000000000
1 300 1000000000
1 300 1000000000
1 301 1000000000
1 301 1000000000
1 302 1000000000
1 302 1000000000
1 303 1000000000
1 303 1000000000
1 304 1000000000
1 304 1000000000
1 305 1000000000
1 305 1000000000
1 306 1000000000
1 306 1000000000
1 307 1000000000
1 307 1000000000
1 308 1000000000
1 308 1000000000
1 309 1000000000
1 309 1000000000
1 310 1000000000
1 310 1000000000
1 311 1000000000
1 311 1000000000
1 312 1000000000
1 312 1000000000
1 313 1000000000
1 313 1000000000
1 314 1000000000
1 314 1000000000
1 315 1000000000
1 315 1000000000
1 316 1000000000
1 316 1000000000
1 317 1000000000
1 317 1000000000
1 318 1000000000
1 318 1000000000
1 319 1000000000
1 319 1000000000
1 320 1000000000
1 320 1000000000
1 321 1000000000
1 321 1000000000
1 322 1000000000
1 322 1000000000
1 323 1000000000
1 323 1000000000
1 324 1000000000
1 324 1000000000
1 325 1000000000
1 325 1000000000
1 326 1000000000
1 326 1000000000
1 327 1000000000
1 327 1000000000
1 328 1000000000
1 328 1000000000
1 329 1000000000
1 329 1000000000
1 330 1000000000
1 330 1000000000
1 331 1000000000
1 331 1000000000
1 332 1000000000
1 332 1000000000
1 333 1000000000
1 333 1000000000
1 334 1000000000
1 334 1000000000
1 335 1000000000
1 335 1000000000
1 336 1000000000
1 336 1000000000
1 337 1000000000
1 337 1000000000
1 338 1000000000
1 338 1000000000
1 339 1000000000
1 339 1000000000
1 340 1000000000
1 340 1000000000
1 341 1000000000
1 341 1000000000
1 342 1000000000
1 342 1000000000
1 343 1000000000
1 343 1000000000
1 344 1000000000
1 344 1000000000
1 345 1000000000
1 345 1000000000
1 346 1000000000
1 346 1000000000
1 347 1000000000
1 347 1000000000
1 348 1000000000
1 348 1000000000
1 349 1000000000
1 349 1000000000
1 350 1000000000
1 350 1000000000
1 351 1000000000
1 351 1000000000
1 352 1000000000
1 352 1000000000
1 353 1000000000
1 353 1000000000
1 354 1000000000
1 354 1000000000
1 355 1000000000
1 355 1000000000
1 356 1000000000
1 356 1000000000
1 357 1000000000
1 357 1000000000
1 358 1000000000
1 358 1000000000
1 359 1000000000
1 359 1000000000
1 360 1000000000
1 360 1000000000
1 361 1000000000
1 361 1000000000
1 362 1000000000
1 362 1000000000
1 363 1000000000
1 363 1000000000
1 364 1000000000
1 364 1000000000
1 365 1000000000
1 365 1000000000
1 366 1000000000
1 366 1000000000
1 367 1000000000
1 367 1000000000
1 368 1000000000
1 368 1000000000
1 369 1000000000
1 369 1000000000
1 370 1000000000
1 370 1000000000
1 371 1000000000
1 371 1000000000
1 372 1000000000
1 372 1000000000
1 373 1000000000
1 373 1000000000
1 374 1000000000
1 374 1000000000
1 375 1000000000
1 375 1000000000
1 376 1000000000
1 376 1000000000
1 377 1000000000
1 377 1000000000
1 378 1000000000
1 378 1000000000
1 379 1000000000
1 379 1000000000
1 380 1000000000
1 380 1000000000
2 381 1000000000
2 381 1000000000
3 381 1000000000
3 381 1000000000
4 381 1000000000
4 381 1000000000
5 381 1000000000
5 381 1000000000
6 381 1000000000
6 381 1000000000
7 381 1000000000
7 381 1000000000
8 381 1000000000
8 381 1000000000
9 381 1000000000
9 381 1000000000
10 381 1000000000
10 381 1000000000
11 381 1000000000
11 381 1000000000
12 381 1000000000
12 381 1000000000
13 381 1000000000
13 381 1000000000
14 381 1000000000
14 381 1000000000
15 381 1000000000
15 381 1000000000
16 381 1000000000
16 381 1000000000
17 381 1000000000
17 381 1000000000
18 381 1000000000
18 381 1000000000
19 381 1000000000
19 381 1000000000
20 381 1000000000
20 381 1000000000
21 381 1000000000
21 381 1000000000
22 381 1000000000
22 381 1000000000
23 381 1000000000
23 381 1000000000
24 381 1000000000
24 381 1000000000
25 381 1000000000
25 381 1000000000
26 381 1000000000
26 381 1000000000
27 381 1000000000
27 381 1000000000
28 381 1000000000
28 381 1000000000
29 381 1000000000
29 381 1000000000
30 381 1000000000
30 381 1000000000
31 381 1000000000
31 381 1000000000
32 381 1000000000
32 381 1000000000
33 381 1000000000
33 381 1000000000
34 381 1000000000
34 381 1000000000
35 381 1000000000
35 381 1000000000
36 381 1000000000
36 381 1000000000
37 381 1000000000
37 381 1000000000
38 381 1000000000
38 381 1000000000
39 381 1000000000
39 381 1000000000
40 381 1000000000
40 381 1000000000
41 381 1000000000
41 381 1000000000
42 381 1000000000
42 381 1000000000
43 381 1000000000
43 381 1000000000
44 381 1000000000
44 381 1000000000
45 381 1000000000
45 381 1000000000
46 381 1000000000
46 381 1000000000
47 381 1000000000
47 381 1000000000
48 381 1000000000
48 381 1000000000
49 381 1000000000
49 381 1000000000
50 381 1000000000
50 381 1000000000
51 381 1000000000
51 381 1000000000
52 381 1000000000
52 381 1000000000
53 381 1000000000
53 381 1000000000
54 381 1000000000
54 381 1000000000
55 381 1000000000
55 381 1000000000
56 381 1000000000
56 381 1000000000
57 381 1000000000
57 381 1000000000
58 381 1000000000
58 381 1000000000
59 381 1000000000
59 381 1000000000
60 381 1000000000
60 381 1000000000
61 381 1000000000
61 381 1000000000
62 381 1000000000
62 381 1000000000
63 381 1000000000
63 381 1000000000
64 381 1000000000
64 381 1000000000
65 381 1000000000
65 381 1000000000
66 381 1000000000
66 381 1000000000
67 381 1000000000
67 381 1000000000
68 381 1000000000
68 381 1000000000
69 381 1000000000
69 381 1000000000
70 381 1000000000
70 381 1000000000
71 381 1000000000
71 381 1000000000
72 381 1000000000
72 381 1000000000
73 381 1000000000
73 381 1000000000
74 381 1000000000
74 381 1000000000
75 381 1000000000
75 381 1000000000
76 381 1000000000
76 381 1000000000
77 381 1000000000
77 381 1000000000
78 381 1000000000
78 381 1000000000
79 381 1000000000
79 381 1000000000
80 381 1000000000
80 381 1000000000
81 381 1000000000
81 381 1000000000
82 381 1000000000
82 381 1000000000
83 381 1000000000
83 381 1000000000
84 381 1000000000
84 381 1000000000
85 381 1000000000
85 381 1000000000
86 381 1000000000
86 381 1000000000
87 381 1000000000
87 381 1000000000
88 381 1000000000
88 381 1000000000
89 381 1000000000
89 381 1000000000
90 381 1000000000
90 381 1000000000
91 381 1000000000
91 381 1000000000
92 381 1000000000
92 381 1000000000
93 381 1000000000
93 381 1000000000
94 381 1000000000
94 381 1000000000
95 381 1000000000
95 381 1000000000
96 381 1000000000
96 381 1000000000
97 381 1000000000
97 381 1000000000
98 381 1000000000
98 381 1000000000
99 381 1000000000
99 381 1000000000
100 381 1000000000
100 381 1000000000
101 381 1000000000
101 381 1000000000
102 381 1000000000
102 381 1000000000
103 381 1000000000
103 381 1000000000
104 381 1000000000
104 381 1000000000
105 381 1000000000
105 381 1000000000
106 381 1000000000
106 381 1000000000
107 381 1000000000
107 381 1000000000
108 381 1000000000
108 381 1000000000
109 381 1000000000
109 381 1000000000
110 381 1000000000
110 381 1000000000
111 381 1000000000
111 381 1000000000
112 381 1000000000
112 381 1000000000
113 381 1000000000
113 381 1000000000
114 381 1000000000
114 381 1000000000
115 381 1000000000
115 381 1000000000
116 381 1000000000
116 381 1000000000
117 381 1000000000
117 381 1000000000
118 381 1000000000
118 381 1000000000
119 381 1000000000
119 381 1000000000
120 381 1000000000
120 381 1000000000
121 381 1000000000
121 381 1000000000
122 381 1000000000
122 381 1000000000
123 381 1000000000
123 381 1000000000
124 381 1000000000
124 381 1000000000
125 381 1000000000
125 381 1000000000
126 381 1000000000
126 381 1000000000
127 381 1000000000
127 381 1000000000
128 381 1000000000
128 381 1000000000
129 381 1000000000
129 381 1000000000
130 381 1000000000
130 381 1000000000
131 381 1000000000
131 381 1000000000
132 381 1000000000
132 381 1000000000
133 381 1000000000
133 381 1000000000
134 381 1000000000
134 381 1000000000
135 381 1000000000
135 381 1000000000
136 381 1000000000
136 381 1000000000
137 381 1000000000
137 381 1000000000
138 381 1000000000
138 381 1000000000
139 381 1000000000
139 381 1000000000
140 381 1000000000
140 381 1000000000
141 381 1000000000
141 381 1000000000
142 381 1000000000
142 381 1000000000
143 381 1000000000
143 381 1000000000
144 381 1000000000
144 381 1000000000
145 381 1000000000
145 381 1000000000
146 381 1000000000
146 381 1000000000
147 381 1000000000
147 381 1000000000
148 381 1000000000
148 381 1000000000
149 381 1000000000
149 381 1000000000
150 381 1000000000
150 381 1000000000
151 381 1000000000
151 381 1000000000
152 381 1000000000
152 381 1000000000
153 381 1000000000
153 381 1000000000
154 381 1000000000
154 381 1000000000
155 381 1000000000
155 381 1000000000
156 381 1000000000
156 381 1000000000
157 381 1000000000
157 381 1000000000
158 381 1000000000
158 381 1000000000
159 381 1000000000
159 381 1000000000
160 381 1000000000
160 381 1000000000
161 381 1000000000
161 381 1000000000
162 381 1000000000
162 381 1000000000
163 381 1000000000
163 381 1000000000
164 381 1000000000
164 381 1000000000
165 381 1000000000
165 381 1000000000
166 381 1000000000
166 381 1000000000
167 381 1000000000
167 381 1000000000
168 381 1000000000
168 381 1000000000
169 381 1000000000
169 381 1000000000
170 381 1000000000
170 381 1000000000
171 381 1000000000
171 381 1000000000
172 381 1000000000
172 381 1000000000
173 381 1000000000
173 381 1000000000
174 381 1000000000
174 381 1000000000
175 381 1000000000
175 381 1000000000
176 381 1000000000
176 381 1000000000
177 381 1000000000
177 381 1000000000
178 381 1000000000
178 381 1000000000
179 381 1000000000
179 381 1000000000
180 381 1000000000
180 381 1000000000
181 381 1000000000
181 381 1000000000
182 381 1000000000
182 381 1000000000
183 381 1000000000
183 381 1000000000
184 381 1000000000
184 381 1000000000
185 381 1000000000
185 381 1000000000
186 381 1000000000
186 381 1000000000
187 381 1000000000
187 381 1000000000
188 381 1000000000
188 381 1000000000
189 381 1000000000
189 381 1000000000
190 381 1000000000
190 381 1000000000
191 381 1000000000
191 381 1000000000
192 381 1000000000
192 381 1000000000
193 381 1000000000
193 381 1000000000
194 381 1000000000
194 381 1000000000
195 381 1000000000
195 381 1000000000
196 381 1000000000
196 381 1000000000
197 381 1000000000
197 381 1000000000
198 381 1000000000
198 381 1000000000
199 381 1000000000
199 381 1000000000
200 381 1000000000
200 381 1000000000
201 381 1000000000
201 381 1000000000
202 381 1000000000
202 381 1000000000
203 381 1000000000
203 381 1000000000
204 381 1000000000
204 381 1000000000
205 381 1000000000
205 381 1000000000
206 381 1000000000
206 381 1000000000
207 381 1000000000
207 381 1000000000
208 381 1000000000
208 381 1000000000
209 381 1000000000
209 381 1000000000
210 381 1000000000
210 381 1000000000
211 381 1000000000
211 381 1000000000
212 381 1000000000
212 381 1000000000
213 381 1000000000
213 381 1000000000
214 381 1000000000
214 381 1000000000
215 381 1000000000
215 381 1000000000
216 381 1000000000
216 381 1000000000
217 381 1000000000
217 381 1000000000
218 381 1000000000
218 381 1000000000
219 381 1000000000
219 381 1000000000
220 381 1000000000
220 381 1000000000
221 381 1000000000
221 381 1000000000
222 381 1000000000
222 381 1000000000
223 381 1000000000
223 381 1000000000
224 381 1000000000
224 381 1000000000
225 381 1000000000
225 381 1000000000
226 381 1000000000
226 381 1000000000
227 381 1000000000
227 381 1000000000
228 381 1000000000
228 381 1000000000
229 381 1000000000
229 381 1000000000
230 381 1000000000
230 381 1000000000
231 381 1000000000
231 381 1000000000
232 381 1000000000
232 381 1000000000
233 381 1000000000
233 381 1000000000
234 381 1000000000
234 381 1000000000
235 381 1000000000
235 381 1000000000
236 381 1000000000
236 381 1000000000
237 381 1000000000
237 381 1000000000
238 381 1000000000
238 381 1000000000
239 381 1000000000
239 381 1000000000
240 381 1000000000
240 381 1000000000
241 381 1000000000
241 381 1000000000
242 381 1000000000
242 381 1000000000
243 381 1000000000
243 381 1000000000
244 381 1000000000
244 381 1000000000
245 381 1000000000
245 381 1000000000
246 381 1000000000
246 381 1000000000
247 381 1000000000
247 381 1000000000
248 381 1000000000
248 381 1000000000
249 381 1000000000
249 381 1000000000
250 381 1000000000
250 381 1000000000
251 381 1000000000
251 381 1000000000
252 381 1000000000
252 381 1000000000
253 381 1000000000
253 381 1000000000
254 381 1000000000
254 381 1000000000
255 381 1000000000
255 381 1000000000
256 381 1000000000
256 381 1000000000
257 381 1000000000
257 381 1000000000
258 381 1000000000
258 381 1000000000
259 381 1000000000
259 381 1000000000
260 381 1000000000
260 381 1000000000
261 381 1000000000
261 381 1000000000
262 381 1000000000
262 381 1000000000
263 381 1000000000
263 381 1000000000
264 381 1000000000
264 381 1000000000
265 381 1000000000
265 381 1000000000
266 381 1000000000
266 381 1000000000
267 381 1000000000
267 381 1000000000
268 381 1000000000
268 381 1000000000
269 381 1000000000
269 381 1000000000
270 381 1000000000
270 381 1000000000
271 381 1000000000
271 381 1000000000
272 381 1000000000
272 381 1000000000
273 381 1000000000
273 381 1000000000
274 381 1000000000
274 381 1000000000
275 381 1000000000
275 381 1000000000
276 381 1000000000
276 381 1000000000
277 381 1000000000
277 381 1000000000
278 381 1000000000
278 381 1000000000
279 381 1000000000
279 381 1000000000
280 381 1000000000
280 381 1000000000
281 381 1000000000
281 381 1000000000
282 381 1000000000
282 381 1000000000
283 381 1000000000
283 381 1000000000
284 381 1000000000
284 381 1000000000
285 381 1000000000
285 381 1000000000
286 381 1000000000
286 381 1000000000
287 381 1000000000
287 381 1000000000
288 381 1000000000
288 381 1000000000
289 381 1000000000
289 381 1000000000
290 381 1000000000
290 381 1000000000
291 381 1000000000
291 381 1000000000
292 381 1000000000
292 381 1000000000
293 381 1000000000
293 381 1000000000
294 381 1000000000
294 381 1000000000
295 381 1000000000
295 381 1000000000
296 381 1000000000
296 381 1000000000
297 381 1000000000
297 381 1000000000
298 381 1000000000
298 381 1000000000
299 381 1000000000
299 381 1000000000
300 381 1000000000
300 381 1000000000
301 381 1000000000
301 381 1000000000
302 381 1000000000
302 381 1000000000
303 381 1000000000
303 381 1000000000
304 381 1000000000
304 381 1000000000
305 381 1000000000
305 381 1000000000
306 381 1000000000
306 381 1000000000
307 381 1000000000
307 381 1000000000
308 381 1000000000
308 381 1000000000
309 381 1000000000
309 381 1000000000
310 381 1000000000
310 381 1000000000
311 381 1000000000
311 381 1000000000
312 381 1000000000
312 381 1000000000
313 381 1000000000
313 381 1000000000
314 381 1000000000
314 381 1000000000
315 381 1000000000
315 381 1000000000
316 381 1000000000
316 381 1000000000
317 381 1000000000
317 381 1000000000
318 381 1000000000
318 381 1000000000
319 381 1000000000
319 381 1000000000
320 381 1000000000
320 381 1000000000
321 381 1000000000
321 381 1000000000
322 381 1000000000
322 381 1000000000
323 381 1000000000
323 381 1000000000
324 381 1000000000
324 381 1000000000
325 381 1000000000
325 381 1000000000
326 381 1000000000
326 381 1000000000
327 381 1000000000
327 381 1000000000
328 381 1000000000
328 381 1000000000
329 381 1000000000
329 381 1000000000
330 381 1000000000
330 381 1000000000
331 381 1000000000
331 381 1000000000
332 381 1000000000
332 381 1000000000
333 381 1000000000
333 381 1000000000
334 381 1000000000
334 381 1000000000
335 381 1000000000
335 381 1000000000
336 381 1000000000
336 381 1000000000
337 381 1000000000
337 381 1000000000
338 381 1000000000
338 381 1000000000
339 381 1000000000
339 381 1000000000
340 381 1000000000
340 381 1000000000
341 381 1000000000
341 381 1000000000
342 381 1000000000
342 381 1000000000
343 381 1000000000
343 381 1000000000
344 381 1000000000
344 381 1000000000
345 381 1000000000
345 381 1000000000
346 381 1000000000
346 381 1000000000
347 381 1000000000
347 381 1000000000
348 381 1000000000
348 381 1000000000
349 381 1000000000
349 381 1000000000
350 381 1000000000
350 381 1000000000
351 381 1000000000
351 381 1000000000
352 381 1000000000
352 381 1000000000
353 381 1000000000
353 381 1000000000
354 381 1000000000
354 381 1000000000
355 381 1000000000
355 381 1000000000
356 381 1000000000
356 381 1000000000
357 381 1000000000
357 381 1000000000
358 381 1000000000
358 381 1000000000
359 381 1000000000
359 381 1000000000
360 381 1000000000
360 381 1000000000
361 381 1000000000
361 381 1000000000
362 381 1000000000
362 381 1000000000
363 381 1000000000
363 381 1000000000
364 381 1000000000
364 381 1000000000
365 381 1000000000
365 381 1000000000
366 381 1000000000
366 381 1000000000
367 381 1000000000
367 381 1000000000
368 381 1000000000
368 381 1000000000
369 381 1000000000
369 381 1000000000
370 381 1000000000
370 381 1000000000
371 381 1000000000
371 381 1000000000
372 381 1000000000
372 381 1000000000
373 381 1000000000
373 381 1000000000
374 381 1000000000
374 381 1000000000
375 381 1000000000
375 381 1000000000
376 381 1000000000
376 381 1000000000
377 381 1000000000
377 381 1000000000
378 381 1000000000
378 381 1000000000
379 381 1000000000
379 381 1000000000
380 381 1000000000
380 381 1000000000
381 382 1000000000
381 382 1000000000
382 383 1000000000
382 383 1000000000
383 384 1000000000
383 384 1000000000
384 385 1000000000
384 385 1000000000
385 386 1000000000
385 386 1000000000
386 387 1000000000
386 387 1000000000
387 388 1000000000
387 388 1000000000
388 389 1000000000
388 389 1000000000
389 390 1000000000
389 390 1000000000
390 391 1000000000
390 391 1000000000
391 392 1000000000
391 392 1000000000
392 393 1000000000
392 393 1000000000
393 394 1000000000
393 394 1000000000
394 395 1000000000
394 395 1000000000
395 396 1000000000
395 396 1000000000
396 397 1000000000
396 397 1000000000
397 398 1000000000
397 398 1000000000
398 399 1000000000
398 399 1000000000
399 400 1000000000
399 400 1000000000
400 401 1000000000
400 401 1000000000
401 402 1000000000
401 402 1000000000
402 403 1000000000
402 403 1000000000
403 404 1000000000
403 404 1000000000
404 405 1000000000
404 405 1000000000
405 406 1000000000
405 406 1000000000
406 407 1000000000
406 407 1000000000
407 408 1000000000
407 408 1000000000
408 409 1000000000
408 409 1000000000
409 410 1000000000
409 410 1000000000
410 411 1000000000
410 411 1000000000
411 412 1000000000
411 412 1000000000
412 413 1000000000
412 413 1000000000
413 414 1000000000
413 414 1000000000
414 415 1000000000
414 415 1000000000
415 416 1000000000
415 416 1000000000
416 417 1000000000
416 417 1000000000
417 418 1000000000
417 418 1000000000
418 419 1000000000
418 419 1000000000
419 420 1000000000
419 420 1000000000
420 421 1000000000
420 421 1000000000
421 422 1000000000
421 422 1000000000
422 423 1000000000
422 423 1000000000
423 424 1000000000
423 424 1000000000
424 425 1000000000
424 425 1000000000
425 426 1000000000
425 426 1000000000
426 427 1000000000
426 427 1000000000
427 428 1000000000
427 428 1000000000
428 429 1000000000
428 429 1000000000
429 430 1000000000
429 430 1000000000
430 431 1000000000
430 431 1000000000
431 432 1000000000
431 432 1000000000
432 433 1000000000
432 433 1000000000
433 434 1000000000
433 434 1000000000
434 435 1000000000
434 435 1000000000
435 436 1000000000
435 436 1000000000
436 437 1000000000
436 437 1000000000
437 438 1000000000
437 438 1000000000
438 439 1000000000
438 439 1000000000
439 440 1000000000
439 440 1000000000
440 441 1000000000
440 441 1000000000
441 442 1000000000
441 442 1000000000
442 443 1000000000
442 443 1000000000
443 444 1000000000
443 444 1000000000
444 445 1000000000
444 445 1000000000
445 446 1000000000
445 446 1000000000
446 447 1000000000
446 447 1000000000
447 448 1000000000
447 448 1000000000
448 449 1000000000
448 449 1000000000
449 450 1000000000
449 450 1000000000
450 451 1000000000
450 451 1000000000
451 452 1000000000
451 452 1000000000
452 453 1000000000
452 453 1000000000
453 454 1000000000
453 454 1000000000
454 455 1000000000
454 455 1000000000
455 456 1000000000
455 456 1000000000
456 457 1000000000
456 457 1000000000
457 458 1000000000
457 458 1000000000
458 459 1000000000
458 459 1000000000
459 460 1000000000
459 460 1000000000
460 461 1000000000
460 461 1000000000
461 462 1000000000
461 462 1000000000
462 463 1000000000
462 463 1000000000
463 464 1000000000
463 464 1000000000
464 465 1000000000
464 465 1000000000
465 466 1000000000
465 466 1000000000
466 467 1000000000
466 467 1000000000
467 468 1000000000
467 468 1000000000
468 469 1000000000
468 469 1000000000
469 470 1000000000
469 470 1000000000
470 471 1000000000
470 471 1000000000
471 472 1000000000
471 472 1000000000
472 473 1000000000
472 473 1000000000
473 474 1000000000
473 474 1000000000
474 475 1000000000
474 475 1000000000
475 476 1000000000
475 476 1000000000
476 477 1000000000
476 477 1000000000
477 478 1000000000
477 478 1000000000
478 479 1000000000
478 479 1000000000
479 480 1000000000
479 480 1000000000
480 481 1000000000
480 481 1000000000
481 482 1000000000
481 482 1000000000
482 483 1000000000
482 483 1000000000
483 484 1000000000
483 484 1000000000
484 485 1000000000
484 485 1000000000
485 486 1000000000
485 486 1000000000
486 487 1000000000
486 487 1000000000
487 488 1000000000
487 488 1000000000
488 489 1000000000
488 489 1000000000
489 490 1000000000
489 490 1000000000
490 491 1000000000
490 491 1000000000
491 492 1000000000
491 492 1000000000
492 493 1000000000
492 493 1000000000
493 494 1000000000
493 494 1000000000
494 495 1000000000
494 495 1000000000
495 496 1000000000
495 496 1000000000
496 497 1000000000
496 497 1000000000
497 498 1000000000
497 498 1000000000
498 499 1000000000
498 499 1000000000
499 500 1000000000
499 500 1000000000
500 501 1000000000
500 501 1000000000
501 502 1000000000
501 502 1000000000
502 503 1000000000
502 503 1000000000
503 504 1000000000
503 504 1000000000
504 505 1000000000
504 505 1000000000
505 506 1000000000
505 506 1000000000
506 507 1000000000
506 507 1000000000
507 508 1000000000
507 508 1000000000
508 509 1000000000
508 509 1000000000
509 510 1000000000
509 510 1000000000
510 511 1000000000
510 511 1000000000
511 512 1000000000
511 512 1000000000
512 513 1000000000
512 513 1000000000
513 514 1000000000
513 514 1000000000
514 515 1000000000
514 515 1000000000
515 516 1000000000
515 516 1000000000
516 517 1000000000
516 517 1000000000
517 518 1000000000
517 518 1000000000
518 519 1000000000
518 519 1000000000
519 520 1000000000
519 520 1000000000
520 521 1000000000
520 521 1000000000
521 522 1000000000
521 522 1000000000
522 523 1000000000
522 523 1000000000
523 524 1000000000
523 524 1000000000
524 525 1000000000
524 525 1000000000
525 526 1000000000
525 526 1000000000
526 527 1000000000
526 527 1000000000
527 528 1000000000
527 528 1000000000
528 529 1000000000
528 529 1000000000
529 530 1000000000
529 530 1000000000
530 531 1000000000
530 531 1000000000
531 532 1000000000
531 532 1000000000
532 533 1000000000
532 533 1000000000
533 534 1000000000
533 534 1000000000
534 535 1000000000
534 535 1000000000
535 536 1000000000
535 536 1000000000
536 537 1000000000
536 537 1000000000
537 538 1000000000
537 538 1000000000
538 539 1000000000
538 539 1000000000
539 540 1000000000
539 540 1000000000
540 541 1000000000
540 541 1000000000
541 542 1000000000
541 542 1000000000
542 543 1000000000
542 543 1000000000
543 544 1000000000
543 544 1000000000
544 545 1000000000
544 545 1000000000
545 546 1000000000
545 546 1000000000
546 547 1000000000
546 547 1000000000
547 548 1000000000
547 548 1000000000
548 549 1000000000
548 549 1000000000
549 550 1000000000
549 550 1000000000
550 551 1000000000
550 551 1000000000
551 552 1000000000
551 552 1000000000
552 553 1000000000
552 553 1000000000
553 554 1000000000
553 554 1000000000
554 555 1000000000
554 555 1000000000
555 556 1000000000
555 556 1000000000
556 557 1000000000
556 557 1000000000
557 558 1000000000
557 558 1000000000
558 559 1000000000
558 559 1000000000
559 560 1000000000
559 560 1000000000
560 561 1000000000
560 561 1000000000
561 562 1000000000
561 562 1000000000
562 563 1000000000
562 563 1000000000
563 564 1000000000
563 564 1000000000
564 565 1000000000
564 565 1000000000
565 566 1000000000
565 566 1000000000
566 567 1000000000
566 567 1000000000
567 568 1000000000
567 568 1000000000
568 569 1000000000
568 569 1000000000
569 570 1000000000
569 570 1000000000
570 571 1000000000
570 571 1000000000
571 572 1000000000
571 572 1000000000
572 573 1000000000
572 573 1000000000
573 574 1000000000
573 574 1000000000
574 575 1000000000
574 575 1000000000
575 576 1000000000
575 576 1000000000
576 577 1000000000
576 577 1000000000
577 578 1000000000
577 578 1000000000
578 579 1000000000
578 579 1000000000
579 580 1000000000
579 580 1000000000
580 581 1000000000
580 581 1000000000
581 582 1000000000
581 582 1000000000
582 583 1000000000
582 583 1000000000
583 584 1000000000
583 584 1000000000
584 585 1000000000
584 585 1000000000
585 586 1000000000
585 586 1000000000
586 587 1000000000
586 587 1000000000
587 588 1000000000
587 588 1000000000
588 589 1000000000
588 589 1000000000
589 590 1000000000
589 590 1000000000
590 591 1000000000
590 591 1000000000
591 592 1000000000
591 592 1000000000
592 593 1000000000
592 593 1000000000
593 594 1000000000
593 594 1000000000
594 595 1000000000
594 595 1000000000
595 596 1000000000
595 596 1000000000
596 597 1000000000
596 597 1000000000
597 598 1000000000
597 598 1000000000
598 599 1000000000
598 599 1000000000
599 600 1000000000
599 600 1000000000
600 601 1000000000
600 601 1000000000
601 602 1000000000
601 602 1000000000
602 603 1000000000
602 603 1000000000
603 604 1000000000
603 604 1000000000
604 605 1000000000
604 605 1000000000
605 606 1000000000
605 606 1000000000
606 607 1000000000
606 607 1000000000
607 608 1000000000
607 608 1000000000
608 609 1000000000
608 609 1000000000
609 610 1000000000
609 610 1000000000
610 611 1000000000
610 611 1000000000
611 612 1000000000
611 612 1000000000
612 613 1000000000
612 613 1000000000
613 614 1000000000
613 614 1000000000
614 615 1000000000
614 615 1000000000
615 616 1000000000
615 616 1000000000
616 617 1000000000
616 617 1000000000
617 618 1000000000
617 618 1000000000
618 619 1000000000
618 619 1000000000
619 620 1000000000
619 620 1000000000
620 621 1000000000
620 621 1000000000
621 622 1000000000
621 622 1000000000
622 623 1000000000
622 623 1000000000
623 624 1000000000
623 624 1000000000
624 625 1000000000
624 625 1000000000
625 626 1000000000
625 626 1000000000
626 627 1000000000
626 627 1000000000
627 628 1000000000
627 628 1000000000
628 629 1000000000
628 629 1000000000
629 630 1000000000
629 630 1000000000
630 631 1000000000
630 631 1000000000
631 632 1000000000
631 632 1000000000
632 633 1000000000
632 633 1000000000
633 634 1000000000
633 634 1000000000
634 635 1000000000
634 635 1000000000
635 636 1000000000
635 636 1000000000
636 637 1000000000
636 637 1000000000
637 638 1000000000
637 638 1000000000
638 639 1000000000
638 639 1000000000
639 640 1000000000
639 640 1000000000
640 641 1000000000
640 641 1000000000
641 642 1000000000
641 642 1000000000
642 643 1000000000
642 643 1000000000
643 644 1000000000
643 644 1000000000
644 645 1000000000
644 645 1000000000
645 646 1000000000
645 646 1000000000
646 647 1000000000
646 647 1000000000
647 648 1000000000
647 648 1000000000
648 649 1000000000
648 649 1000000000
649 650 1000000000
649 650 1000000000
650 651 1000000000
650 651 1000000000
651 652 1000000000
651 652 1000000000
652 653 1000000000
652 653 1000000000
653 654 1000000000
653 654 1000000000
654 655 1000000000
654 655 1000000000
655 656 1000000000
655 656 1000000000
656 657 1000000000
656 657 1000000000
657 658 1000000000
657 658 1000000000
658 659 1000000000
658 659 1000000000
659 660 1000000000
659 660 1000000000
660 661 1000000000
660 661 1000000000
661 662 1000000000
661 662 1000000000
662 663 1000000000
662 663 1000000000
663 664 1000000000
663 664 1000000000
664 665 1000000000
664 665 1000000000
665 666 1000000000
665 666 1000000000
666 667 1000000000
666 667 1000000000
667 668 1000000000
667 668 1000000000
668 669 1000000000
668 669 1000000000
669 670 1000000000
669 670 1000000000
670 671 1000000000
670 671 1000000000
671 672 1000000000
671 672 1000000000
672 673 1000000000
672 673 1000000000
673 674 1000000000
673 674 1000000000
674 675 1000000000
674 675 1000000000
675 676 1000000000
675 676 1000000000
676 677 1000000000
676 677 1000000000
677 678 1000000000
677 678 1000000000
678 679 1000000000
678 679 1000000000
679 680 1000000000
679 680 1000000000
680 681 1000000000
680 681 1000000000
681 682 1000000000
681 682 1000000000
682 683 1000000000
682 683 1000000000
683 684 1000000000
683 684 1000000000
684 685 1000000000
684 685 1000000000
685 686 1000000000
685 686 1000000000
686 687 1000000000
686 687 1000000000
687 688 1000000000
687 688 1000000000
688 689 1000000000
688 689 1000000000
689 690 1000000000
689 690 1000000000
690 691 1000000000
690 691 1000000000
691 692 1000000000
691 692 1000000000
692 693 1000000000
692 693 1000000000
693 694 1000000000
693 694 1000000000
694 695 1000000000
694 695 1000000000
695 696 1000000000
695 696 1000000000
696 697 1000000000
696 697 1000000000
697 698 1000000000
697 698 1000000000
698 699 1000000000
698 699 1000000000
699 700 1000000000
699 700 1000000000
700 701 1000000000
700 701 1000000000
701 702 1000000000
701 702 1000000000
702 703 1000000000
702 703 1000000000
703 704 1000000000
703 704 1000000000
704 705 1000000000
704 705 1000000000
705 706 1000000000
705 706 1000000000
706 707 1000000000
706 707 1000000000
707 708 1000000000
707 708 1000000000
708 709 1000000000
708 709 1000000000
709 710 1000000000
709 710 1000000000
710 711 1000000000
710 711 1000000000
711 712 1000000000
711 712 1000000000
712 713 1000000000
712 713 1000000000
713 714 1000000000
713 714 1000000000
714 715 1000000000
714 715 1000000000
715 716 1000000000
715 716 1000000000
716 717 1000000000
716 717 1000000000
717 718 1000000000
717 718 1000000000
718 719 1000000000
718 719 1000000000
719 720 1000000000
719 720 1000000000
720 721 1000000000
720 721 1000000000
721 722 1000000000
721 722 1000000000
722 723 1000000000
722 723 1000000000
723 724 1000000000
723 724 1000000000
724 725 1000000000
724 725 1000000000
725 726 1000000000
725 726 1000000000
726 727 1000000000
726 727 1000000000
727 728 1000000000
727 728 1000000000
728 729 1000000000
728 729 1000000000
729 730 1000000000
729 730 1000000000
730 731 1000000000
730 731 1000000000
731 732 1000000000
731 732 1000000000
732 733 1000000000
732 733 1000000000
733 734 1000000000
733 734 1000000000
734 735 1000000000
734 735 1000000000
735 736 1000000000
735 736 1000000000
736 737 1000000000
736 737 1000000000
737 738 1000000000
737 738 1000000000
738 739 1000000000
738 739 1000000000
739 740 1000000000
739 740 1000000000
740 741 1000000000
740 741 1000000000
741 742 1000000000
741 742 1000000000
742 743 1000000000
742 743 1000000000
743 744 1000000000
743 744 1000000000
744 745 1000000000
744 745 1000000000
745 746 1000000000
745 746 1000000000
746 747 1000000000
746 747 1000000000
747 748 1000000000
747 748 1000000000
748 749 1000000000
748 749 1000000000
749 750 1000000000
749 750 1000000000
750 751 1000000000
750 751 1000000000
751 752 1000000000
751 752 1000000000
752 753 1000000000
752 753 1000000000
753 754 1000000000
753 754 1000000000
754 755 1000000000
754 755 1000000000
755 756 1000000000
755 756 1000000000
756 757 1000000000
756 757 1000000000
757 758 1000000000
757 758 1000000000
758 759 1000000000
758 759 1000000000
759 760 1000000000
759 760 1000000000
760 761 1000000000
760 761 1000000000
761 762 1000000000
761 762 1000000000
762 763 1000000000
762 763 1000000000
763 764 1000000000
763 764 1000000000
764 765 1000000000
764 765 1000000000
765 766 1000000000
765 766 1000000000
766 767 1000000000
766 767 1000000000
767 768 1000000000
767 768 1000000000
768 769 1000000000
768 769 1000000000
769 770 1000000000
769 770 1000000000
770 771 1000000000
770 771 1000000000
771 772 1000000000
771 772 1000000000
772 773 1000000000
772 773 1000000000
773 774 1000000000
773 774 1000000000
774 775 1000000000
774 775 1000000000
775 776 1000000000
775 776 1000000000
776 777 1000000000
776 777 1000000000
777 778 1000000000
777 778 1000000000
778 779 1000000000
778 779 1000000000
779 780 1000000000
779 780 1000000000
780 781 1000000000
780 781 1000000000
781 782 1000000000
781 782 1000000000
782 783 1000000000
782 783 1000000000
783 784 1000000000
783 784 1000000000
784 785 1000000000
784 785 1000000000
785 786 1000000000
785 786 1000000000
786 787 1000000000
786 787 1000000000
787 788 1000000000
787 788 1000000000
788 789 1000000000
788 789 1000000000
789 790 1000000000
789 790 1000000000
790 791 1000000000
790 791 1000000000
791 792 1000000000
791 792 1000000000
792 793 1000000000
792 793 1000000000
793 794 1000000000
793 794 1000000000
794 795 1000000000
794 795 1000000000
795 796 1000000000
795 796 1000000000
796 797 1000000000
796 797 1000000000
797 798 1000000000
797 798 1000000000
798 799 1000000000
798 799 1000000000
799 800 1000000000
799 800 1000000000
800 801 1000000000
800 801 1000000000
801 802 1000000000
801 802 1000000000
802 803 1000000000
802 803 1000000000
803 804 1000000000
803 804 1000000000
804 805 1000000000
804 805 1000000000
805 806 1000000000
805 806 1000000000
806 807 1000000000
806 807 1000000000
807 808 1000000000
807 808 1000000000
808 809 1000000000
808 809 1000000000
809 810 1000000000
809 810 1000000000
810 811 1000000000
810 811 1000000000
811 812 1000000000
811 812 1000000000
812 813 1000000000
812 813 1000000000
813 814 1000000000
813 814 1000000000
814 815 1000000000
814 815 1000000000
815 816 1000000000
815 816 1000000000
816 817 1000000000
816 817 1000000000
817 818 1000000000
817 818 1000000000
818 819 1000000000
818 819 1000000000
819 820 1000000000
819 820 1000000000
820 821 1000000000
820 821 1000000000
821 822 1000000000
821 822 1000000000
822 823 1000000000
822 823 1000000000
823 824 1000000000
823 824 1000000000
824 825 1000000000
824 825 1000000000
825 826 1000000000
825 826 1000000000
826 827 1000000000
826 827 1000000000
827 828 1000000000
827 828 1000000000
828 829 1000000000
828 829 1000000000
829 830 1000000000
829 830 1000000000
830 831 1000000000
830 831 1000000000
831 832 1000000000
831 832 1000000000
832 833 1000000000
832 833 1000000000
833 834 1000000000
833 834 1000000000
834 835 1000000000
834 835 1000000000
835 836 1000000000
835 836 1000000000
836 837 1000000000
836 837 1000000000
837 838 1000000000
837 838 1000000000
838 839 1000000000
838 839 1000000000
839 840 1000000000
839 840 1000000000
840 841 1000000000
840 841 1000000000
841 842 1000000000
841 842 1000000000
842 843 1000000000
842 843 1000000000
843 844 1000000000
843 844 1000000000
844 845 1000000000
844 845 1000000000
845 846 1000000000
845 846 1000000000
846 847 1000000000
846 847 1000000000
847 848 1000000000
847 848 1000000000
848 849 1000000000
848 849 1000000000
849 850 1000000000
849 850 1000000000
850 851 1000000000
850 851 1000000000
851 852 1000000000
851 852 1000000000
852 853 1000000000
852 853 1000000000
853 854 1000000000
853 854 1000000000
854 855 1000000000
854 855 1000000000
855 856 1000000000
855 856 1000000000
856 857 1000000000
856 857 1000000000
857 858 1000000000
857 858 1000000000
858 859 1000000000
858 859 1000000000
859 860 1000000000
859 860 1000000000
860 861 1000000000
860 861 1000000000
861 862 1000000000
861 862 1000000000
862 863 1000000000
862 863 1000000000
863 864 1000000000
863 864 1000000000
864 865 1000000000
864 865 1000000000
865 866 1000000000
865 866 1000000000
866 867 1000000000
866 867 1000000000
867 868 1000000000
867 868 1000000000
868 869 1000000000
868 869 1000000000
869 870 1000000000
869 870 1000000000
870 871 1000000000
870 871 1000000000
871 872 1000000000
871 872 1000000000
872 873 1000000000
872 873 1000000000
873 874 1000000000
873 874 1000000000
874 875 1000000000
874 875 1000000000
875 876 1000000000
875 876 1000000000
876 877 1000000000
876 877 1000000000
877 878 1000000000
877 878 1000000000
878 879 1000000000
878 879 1000000000
879 880 1000000000
879 880 1000000000
880 881 1000000000
880 881 1000000000
881 882 1000000000
881 882 1000000000
882 883 1000000000
882 883 1000000000
883 884 1000000000
883 884 1000000000
884 885 1000000000
884 885 1000000000
885 886 1000000000
885 886 1000000000
886 887 1000000000
886 887 1000000000
887 888 1000000000
887 888 1000000000
888 889 1000000000
888 889 1000000000
889 890 1000000000
889 890 1000000000
890 891 1000000000
890 891 1000000000
891 892 1000000000
891 892 1000000000
892 893 1000000000
892 893 1000000000
893 894 1000000000
893 894 1000000000
894 895 1000000000
894 895 1000000000
895 896 1000000000
895 896 1000000000
896 897 1000000000
896 897 1000000000
897 898 1000000000
897 898 1000000000
898 899 1000000000
898 899 1000000000
899 900 1000000000
899 900 1000000000
900 901 1000000000
900 901 1000000000
901 902 1000000000
901 902 1000000000
902 903 1000000000
902 903 1000000000
903 904 1000000000
903 904 1000000000
904 905 1000000000
904 905 1000000000
905 906 1000000000
905 906 1000000000
906 907 1000000000
906 907 1000000000
907 908 1000000000
907 908 1000000000
908 909 1000000000
908 909 1000000000
909 910 1000000000
909 910 1000000000
910 911 1000000000
910 911 1000000000
911 912 1000000000
911 912 1000000000
912 913 1000000000
912 913 1000000000
913 914 1000000000
913 914 1000000000
914 915 1000000000
914 915 1000000000
915 916 1000000000
915 916 1000000000
916 917 1000000000
916 917 1000000000
917 918 1000000000
917 918 1000000000
918 919 1000000000
918 919 1000000000
919 920 1000000000
919 920 1000000000
920 921 1000000000
920 921 1000000000
921 922 1000000000
921 922 1000000000
922 923 1000000000
922 923 1000000000
923 924 1000000000
923 924 1000000000
924 925 1000000000
924 925 1000000000
925 926 1000000000
925 926 1000000000
926 927 1000000000
926 927 1000000000
927 928 1000000000
927 928 1000000000
928 929 1000000000
928 929 1000000000
929 930 1000000000
929 930 1000000000
930 931 1000000000
930 931 1000000000
931 932 1000000000
931 932 1000000000
932 933 1000000000
932 933 1000000000
933 934 1000000000
933 934 1000000000
934 935 1000000000
934 935 1000000000
935 936 1000000000
935 936 1000000000
936 937 1000000000
936 937 1000000000
937 938 1000000000
937 938 1000000000
938 939 1000000000
938 939 1000000000
939 940 1000000000
939 940 1000000000
940 941 1000000000
940 941 1000000000
941 942 1000000000
941 942 1000000000
942 943 1000000000
942 943 1000000000
943 944 1000000000
943 944 1000000000
944 945 1000000000
944 945 1000000000
945 946 1000000000
945 946 1000000000
946 947 1000000000
946 947 1000000000
947 948 1000000000
947 948 1000000000
948 949 1000000000
948 949 1000000000
949 950 1000000000
949 950 1000000000
950 951 1000000000
950 951 1000000000
951 952 1000000000
951 952 1000000000
952 953 1000000000
952 953 1000000000
953 954 1000000000
953 954 1000000000
954 955 1000000000
954 955 1000000000
955 956 1000000000
955 956 1000000000
956 957 1000000000
956 957 1000000000
957 958 1000000000
957 958 1000000000
958 959 1000000000
958 959 1000000000
959 960 1000000000
959 960 1000000000
960 961 1000000000
960 961 1000000000
961 962 1000000000
961 962 1000000000
962 963 1000000000
962 963 1000000000
963 964 1000000000
963 964 1000000000
964 965 1000000000
964 965 1000000000
965 966 1000000000
965 966 1000000000
966 967 1000000000
966 967 1000000000
967 968 1000000000
967 968 1000000000
968 969 1000000000
968 969 1000000000
969 970 1000000000
969 970 1000000000
970 971 1000000000
970 971 1000000000
971 972 1000000000
971 972 1000000000
972 973 1000000000
972 973 1000000000
973 974 1000000000
973 974 1000000000
974 975 1000000000
974 975 1000000000
975 976 1000000000
975 976 1000000000
976 977 1000000000
976 977 1000000000
977 978 1000000000
977 978 1000000000
978 979 1000000000
978 979 1000000000
979 980 1000000000
979 980 1000000000
980 981 1000000000
980 981 1000000000
981 982 1000000000
981 982 1000000000
982 983 1000000000
982 983 1000000000
983 984 1000000000
983 984 1000000000
984 985 1000000000
984 985 1000000000
985 986 1000000000
985 986 1000000000
986 987 1000000000
986 987 1000000000
987 988 1000000000
987 988 1000000000
988 989 1000000000
988 989 1000000000
989 990 1000000000
989 990 1000000000
990 991 1000000000
990 991 1000000000
991 992 1000000000
991 992 1000000000
992 993 1000000000
992 993 1000000000
993 994 1000000000
993 994 1000000000
994 995 1000000000
994 995 1000000000
995 996 1000000000
995 996 1000000000
996 997 1000000000
996 997 1000000000
997 998 1000000000
997 998 1000000000
998 999 1000000000
998 999 1000000000
999 1000 1000000000
999 1000 1000000000
1 1 1000000000
2 2 1000000000
3 3 1000000000
4 4 1000000000
5 5 1000000000
6 6 1000000000
7 7 1000000000
8 8 1000000000
9 9 1000000000
10 10 1000000000
11 11 1000000000
12 12 1000000000
13 13 1000000000
14 14 1000000000
15 15 1000000000
16 16 1000000000
17 17 1000000000
18 18 1000000000
19 19 1000000000
20 20 1000000000
21 21 1000000000
22 22 1000000000
23 23 1000000000
24 24 1000000000
25 25 1000000000
26 26 1000000000
27 27 1000000000
28 28 1000000000
29 29 1000000000
30 30 1000000000
31 31 1000000000
32 32 1000000000
33 33 1000000000
34 34 1000000000
35 35 1000000000
36 36 1000000000
37 37 1000000000
38 38 1000000000
39 39 1000000000
40 40 1000000000
41 41 1000000000
42 42 1000000000
43 43 1000000000
44 44 1000000000
45 45 1000000000
46 46 1000000000
47 47 1000000000
48 48 1000000000
49 49 1000000000
50 50 1000000000
51 51 1000000000
52 52 1000000000
53 53 1000000000
54 54 1000000000
55 55 1000000000
56 56 1000000000
57 57 1000000000
58 58 1000000000
59 59 1000000000
60 60 1000000000
61 61 1000000000
62 62 1000000000
63 63 1000000000
64 64 1000000000
65 65 1000000000
66 66 1000000000
67 67 1000000000
68 68 1000000000
69 69 1000000000
70 70 1000000000
71 71 1000000000
72 72 1000000000
73 73 1000000000
74 74 1000000000
75 75 1000000000
76 76 1000000000
77 77 1000000000
78 78 1000000000
79 79 1000000000
80 80 1000000000
81 81 1000000000
82 82 1000000000
83 83 1000000000
84 84 1000000000
85 85 1000000000
86 86 1000000000
87 87 1000000000
88 88 1000000000
89 89 1000000000
90 90 1000000000
91 91 1000000000
92 92 1000000000
93 93 1000000000
94 94 1000000000
95 95 1000000000
96 96 1000000000
97 97 1000000000
98 98 1000000000
99 99 1000000000
100 100 1000000000
101 101 1000000000
102 102 1000000000
103 103 1000000000
104 104 1000000000
105 105 1000000000
106 106 1000000000
107 107 1000000000
108 108 1000000000
109 109 1000000000
110 110 1000000000
111 111 1000000000
112 112 1000000000
113 113 1000000000
114 114 1000000000
115 115 1000000000
116 116 1000000000
117 117 1000000000
118 118 1000000000
119 119 1000000000
120 120 1000000000
121 121 1000000000
122 122 1000000000
123 123 1000000000
124 124 1000000000
125 125 1000000000
126 126 1000000000
127 127 1000000000
128 128 1000000000
129 129 1000000000
130 130 1000000000
131 131 1000000000
132 132 1000000000
133 133 1000000000
134 134 1000000000
135 135 1000000000
136 136 1000000000
137 137 1000000000
138 138 1000000000
139 139 1000000000
140 140 1000000000
141 141 1000000000
142 142 1000000000
143 143 1000000000
144 144 1000000000
145 145 1000000000
146 146 1000000000
147 147 1000000000
148 148 1000000000
149 149 1000000000
150 150 1000000000
151 151 1000000000
152 152 1000000000
153 153 1000000000
154 154 1000000000
155 155 1000000000
156 156 1000000000
157 157 1000000000
158 158 1000000000
159 159 1000000000
160 160 1000000000
161 161 1000000000
162 162 1000000000
163 163 1000000000
164 164 1000000000
165 165 1000000000
166 166 1000000000
167 167 1000000000
168 168 1000000000
169 169 1000000000
170 170 1000000000
171 171 1000000000
172 172 1000000000
173 173 1000000000
174 174 1000000000
175 175 1000000000
176 176 1000000000
177 177 1000000000
178 178 1000000000
179 179 1000000000
180 180 1000000000
181 181 1000000000
182 182 1000000000
183 183 1000000000
184 184 1000000000
185 185 1000000000
186 186 1000000000
187 187 1000000000
188 188 1000000000
189 189 1000000000
190 190 1000000000
191 191 1000000000
192 192 1000000000
193 193 1000000000
194 194 1000000000
195 195 1000000000
196 196 1000000000
197 197 1000000000
198 198 1000000000
199 199 1000000000
200 200 1000000000
201 201 1000000000
202 202 1000000000
203 203 1000000000
204 204 1000000000
205 205 1000000000
206 206 1000000000
207 207 1000000000
208 208 1000000000
209 209 1000000000
210 210 1000000000
211 211 1000000000
212 212 1000000000
213 213 1000000000
214 214 1000000000
215 215 1000000000
216 216 1000000000
217 217 1000000000
218 218 1000000000
219 219 1000000000
220 220 1000000000
221 221 1000000000
222 222 1000000000
223 223 1000000000
224 224 1000000000
225 225 1000000000
226 226 1000000000
227 227 1000000000
228 228 1000000000
229 229 1000000000
230 230 1000000000
231 231 1000000000
232 232 1000000000
233 233 1000000000
234 234 1000000000
235 235 1000000000
236 236 1000000000
237 237 1000000000
238 238 1000000000
239 239 1000000000
240 240 1000000000
241 241 1000000000
242 242 1000000000
243 243 1000000000
244 244 1000000000
245 245 1000000000
246 246 1000000000