992
991
993
989
990
988
994
985
986
984
987
982
983
981
995
977
978
976
979
974
975
973
980
970
971
969
972
967
968
966
996
962
961
963
959
960
958
964
955
956
954
957
952
953
951
965
947
948
946
949
944
945
943
950
940
941
939
942
937
938
936
997
931
930
932
928
929
927
933
924
925
923
926
921
922
920
934
916
917
915
918
913
914
912
919
909
910
908
911
906
907
905
935
900
901
899
902
897
898
896
903
893
894
892
895
890
891
889
904
885
886
884
887
882
883
881
888
878
879
877
880
875
876
874
998
868
867
869
865
866
864
870
861
862
860
863
858
859
857
871
853
854
852
855
850
851
849
856
846
847
845
848
843
844
842
872
838
837
839
835
836
834
840
831
832
830
833
828
829
827
841
823
824
822
825
820
821
819
826
816
817
815
818
813
814
812
873
807
806
808
804
805
803
809
800
801
799
802
797
798
796
810
792
793
791
794
789
790
788
795
785
786
784
787
782
783
781
811
776
777
775
778
773
774
772
779
769
770
768
771
766
767
765
780
761
762
760
763
758
759
757
764
754
755
753
756
751
752
750
999
743
742
744
740
741
739
745
736
737
735
738
733
734
732
746
728
729
727
730
725
726
724
731
721
722
720
723
718
719
717
747
713
712
714
710
711
709
715
706
707
705
708
703
704
702
716
698
699
697
700
695
696
694
701
691
692
690
693
688
689
687
748
682
681
683
679
680
678
684
675
676
674
677
672
673
671
685
667
668
666
669
664
665
663
670
660
661
659
662
657
658
656
686
651
652
650
653
648
649
647
654
644
645
643
646
641
642
640
655
636
637
635
638
633
634
632
639
629
630
628
631
626
627
625
749
619
618
620
616
617
615
621
612
613
611
614
609
610
608
622
604
605
603
606
601
602
600
607
597
598
596
599
594
595
593
623
589
588
590
586
587
585
591
582
583
581
584
579
580
578
592
574
575
573
576
571
572
570
577
567
568
566
569
564
565
563
624
558
557
559
555
556
554
560
551
552
550
553
548
549
547
561
543
544
542
545
540
541
539
546
536
537
535
538
533
534
532
562
527
528
526
529
524
525
523
530
520
521
519
522
517
518
516
531
512
513
511
514
509
510
508
515
505
506
504
507
502
503
501
1000
493
492
494
490
491
489
495
486
487
485
488
483
484
482
496
478
479
477
480
475
476
474
481
471
472
470
473
468
469
467
497
463
462
464
460
461
459
465
456
457
455
458
453
454
452
466
448
449
447
450
445
446
444
451
441
442
440
443
438
439
437
498
432
431
433
429
430
428
434
425
426
424
427
422
423
421
435
417
418
416
419
414
415
413
420
410
411
409
412
407
408
406
436
401
402
400
403
398
399
397
404
394
395
393
396
391
392
390
405
386
387
385
388
383
384
382
389
379
380
378
381
376
377
375
499
369
368
370
366
367
365
371
362
363
361
364
359
360
358
372
354
355
353
356
351
352
350
357
347
348
346
349
344
345
343
373
339
338
340
336
337
335
341
332
333
331
334
329
330
328
342
324
325
323
326
321
322
320
327
317
318
316
319
314
315
313
374
308
307
309
305
306
304
310
301
302
300
303
298
299
297
311
293
294
292
295
290
291
289
296
286
287
285
288
283
284
282
312
277
278
276
279
274
275
273
280
270
271
269
272
267
268
266
281
262
263
261
264
259
260
258
265
255
256
254
257
252
253
251
500
244
243
245
241
242
240
246
237
238
236
239
234
235
233
247
229
230
228
231
226
227
225
232
222
223
221
224
219
220
218
248
214
213
215
211
212
210
216
207
208
206
209
204
205
203
217
199
200
198
201
196
197
195
202
192
193
191
194
189
190
188
249
183
182
184
180
181
179
185
176
177
175
178
173
174
172
186
168
169
167
170
165
166
164
171
161
162
160
163
158
159
157
187
152
153
151
154
149
150
148
155
145
146
144
147
142
143
141
156
137
138
136
139
134
135
133
140
130
131
129
132
127
128
126
250
120
119
121
117
118
116
122
113
114
112
115
110
111
109
123
105
106
104
107
102
103
101
108
98
99
97
100
95
96
94
124
89
90
88
91
86
87
85
92
82
83
81
84
79
80
78
93
74
75
73
76
71
72
70
77
67
68
66
69
64
65
63
125
58
57
59
55
56
54
60
51
52
50
53
48
49
47
61
43
44
42
45
40
41
39
46
36
37
35
38
33
34
32
62
27
28
26
29
24
25
23
30
20
21
19
22
17
18
16
31
12
13
11
14
9
10
8
15
5
6
4
7
2
3
1
